Uniprot	A1	A2	A3	B1	B2	B3	C1	C2	C3	D1	D2	D3	E1	E2	E3	F1	F2	F3
P31946	9905933	7563083	8675326	8489883	8495286	8137082	7222783	6158728	7956043	7021927	7859585	8827030	13357911	10810940	10525805	13200516	14490565	8833698
P62258	8696484	6608905	6339505	8526317	8028732	6685076	7240289	6190034	5600226	6705099	6139750	6881130	7585984	6456466	5507593	5951801	5018688	6344779
P33176	3294717	2889897	2479131	3568431	3566472	3440009	3476326	2351616	3021915	3270652	2822471	3258589	2782645	3416188	3479900	3195314	3109234	3192558
O14654	2167646	1617881	1688029	2196889	1882248	1797448	2426918	1837394	1904770	2217858	2177762	2157097	2068299	2573129	2515672	2305126	1803829	2130050
P63104	2392915	1839897	1807746	2379162	2176754	1922122	1976520	1600108	1736969	2080112	1978141	2003017	1782258	1891424	1627724	1763682	1557566	1817631
O60343	2734190	1772337	1722324	633116	376133	321710	1021985	773967	867724	1739185	1536412	1782462	1645174	1979583	1784546	2057285	1634269	2052330
Q9H0B6	1725022	1312359	1182227	2192296	2285914	1902204	1878971	1174256	1401519	1554454	1487252	1706275	1274309	1882231	1982245	1445357	1511612	1738480
Q9NSK0	1537820	1076505	930701	1827250	1783476	1390309	1408510	988566	1142436	1381808	1151599	1286733	1210698	1532440	1511089	1387844	1203429	1383046
Q9H6H4	1489495	1138345	1067452	1432408	1340082	1351931	1278515	950388	1088835	1255309	1209967	1217482	1174900	1410628	1538830	1165531	1161014	1290954
O43379	1515442	1005212	937158	1649442	1324865	1089620	1157129	857578	1047297	1337088	1128827	1248856	1181002	1427182	1349757	996664	897178	1372375
Q07866	988714	872925	723877	1109980	1140990	1017760	1073122	811312	865477	980534	938818	905541	817164	1129291	1014650	975948	978479	966277
Q32P44	956593	665437	611762	1122999	1104297	910793	917231	667127	773016	901065	815494	830899	579954	768606	909709	607383	638209	969375
Q6PKG0	948804	720518	673631	1009331	686392	607833	771694	622112	644445	796391	714896	823802	937433	881515	861444	839330	685695	764814
Q9Y4H2	1048339	716467	780435	854968	706883	563784	633141	457461	552850	765838	625694	705243	703821	705684	775983	935157	802993	946959
P27348	880715	567862	560224	870795	881908	698151	846102	568783	610095	705778	693363	676460	676288	860514	833887	882119	602652	709952
Q13627	874945	542517	453535	699711	686946	773743	673955	552039	666538	660768	596740	580176	761211	605334	802398	973108	462389	587052
Q8TEW0	616491	412922	407957	623528	886768	713192	766200	653382	578616	828828	586760	755761	338114	497174	683095	758605	536392	891790
Q9H4L5	799576	561919	543232	728307	642846	513503	719642	497111	555087	649227	571620	661809	559482	701387	620307	628324	471592	641148
O75044	710668	563714	550891	620759	663307	629280	589764	492101	583529	730529	672651	660853	488162	661176	606179	481014	522844	566266
Q6P0Q8	738106	553096	462506	915524	895070	643820	748444	445291	525307	583241	516838	597826	969618	555765	675112	400007	465619	620223
O75592	853752	546275	535521	299041	326956	171654	244114	214693	202054	683170	599522	581397	651878	797205	912512	665947	626148	733372
Q9BZQ8	766481	461925	507948	703391	599495	577426	531397	526009	394513	537596	718937	495605	876156	578583	544798	614903	606960	590890
O94915	659362	529398	461278	645523	642839	559496	482220	445810	475202	604854	515122	564564	567824	645443	663345	591875	531330	606431
Q96B36	605235	483219	448457	67112	72133	87855	295360	255992	274242	626945	535024	575619	653825	758202	777113	665069	580948	700136
P49815	805201	542830	481145	478462	412161	291228	453608	318503	382661	516453	450787	478698	575743	581929	616285	716794	561015	736389
Q9UJF2	658976	507625	450983	710067	564744	445703	512576	375708	496426	507617	531748	454694	310406	437511	485704	377985	360017	590967
P10398	550271	460949	415887	392674	627646	554275	503295	404990	415562	502209	471306	458766	487036	556583	624030	498426	466851	450819
O96013	468048	407525	336849	478864	560673	478691	510606	368305	436317	492493	425099	455352	479384	543572	459646	539937	439555	478359
P61981	654468	462078	423823	645957	433752	485713	473954	407594	403518	501879	470963	453166	458590	523360	316921	357845	469632	469200
O75122	457977	410813	366016	561870	563376	449829	606770	442796	384030	495757	428581	506298	358916	347217	411039	747903	423463	409399
O60282	443745	397304	288798	431684	510288	554215	449667	311072	401903	388763	337737	437695	438260	505078	543464	507389	430190	379327
Q6WCQ1	481691	460289	370061	478299	590087	448657	446324	424881	418751	436657	430937	386710	410289	471678	439465	393105	398656	363363
Q13151	45987	439376	583021	526960	515777	564930	334336	382346	426527	458368	528018	42050	385691	424932	54643	381309	398793	475639
Q6R327	467719	410617	345801	457346	429670	366593	412027	259717	356881	459951	398919	413197	548726	455350	446280	435035	383438	461825
Q8WWI1	619583	318613	341104	374162	437847	383996	483385	368196	417989	458635	586400	441113	403854	495947	360972	312486	405556	474088
Q12923	475151	341671	305204	511261	584995	436690	407247	302180	362350	400716	414971	416829	399945	500261	434490	447484	383419	363127
Q15678	529376	418007	385381	407665	473309	380917	283132	271009	274264	391231	438298	388990	324921	564242	433473	534477	451764	382846
Q8TBC3	583264	375482	376193	833888	798581	551134	382392	354692	437689	570278	470439	387571	289772	358327	478380	264116	298570	411068
Q86X29	479966	373454	347331	521083	530742	449580	422370	331685	398283	303585	302872	368412	253089	389887	400779	342513	364203	453085
Q53ET0	413096	341784	338949	306806	413188	386266	276725	285131	334842	258059	276334	361277	394604	535562	526375	467191	371382	494292
Q9UQB8	538382	446069	357154	448601	545644	482096	491101	329698	384674	231728	216630	265021	319679	366816	342135	476026	335535	276176
Q86TI0	482218	351544	315884	321987	311233	307620	349324	240337	308898	385799	361914	387966	421596	436939	480141	444860	331590	399142
Q13428	607440	482276	397081	452637	261139	325607	367750	211419	248541	133056	440173	409864	339534	387455	340460	289313	341382	364654
Q92934	353073	354114	251383	270734	374054	361812	351101	269134	344336	320294	289769	370153	391875	402768	432632	399465	328444	338705
Q7Z460	401834	310625	286572	440163	473095	372233	380406	284670	298369	359342	291497	313447	288931	365850	401024	330931	322277	376400
Q6NUK4	359868	446335	276622	323036	391553	435348	294085	259607	302687	339023	337622	315126	336843	477897	911157	342117	361922	292998
Q9H0H5	485257	331859	258549	443146	408187	705956	377534	255349	332832	408341	296605	340214	333823	380228	400554	319114	278560	306591
Q14978	307316	277235	275969	287964	406704	325900	389777	355895	367870	341585	354597	375510	277427	349845	347954	253997	270419	292377
Q9NYB9	354469	329029	246448	326489	396192	377933	440974	332098	397184	359492	347990	412685	280713	331326	292604	228652	201753	268897
Q5JSL3	398399	232923	333355	370552	302893	382136	521267	360388	370084	339579	425708	308655	264120	329130	315392	219770	221705	205791
Q9P2F8	451918	296637	251995	389488	332029	259452	346972	240961	272165	371395	299591	316672	360382	338568	332937	360071	262824	330149
P0C2W1	429520	327850	274138	186540	189749	128650	156618	133112	128644	379872	318766	325658	401259	523131	535513	446989	367096	417162
Q14739	312985	288036	244679	289059	346787	327934	343264	273715	322354	331978	369682	422141	295784	360425	381997	282792	283056	303757
P85037	296672	227167	226886	397997	495353	371222	381511	314023	362553	313666	268705	367317	240074	330005	316203	232200	222596	309222
Q7KZI7	364136	282039	244783	300861	342627	300698	341605	250281	297445	335476	292976	303215	339641	368738	336073	353717	280419	323989
Q02241	451429	278320	258360	461154	397147	294889	344575	267776	280201	393404	289254	333648	309633	358521	358608	274702	234026	307711
P56524	312782	287837	253921	233946	327318	309188	282969	213754	266150	281793	261940	308168	342329	358437	359281	337381	283716	312334
P04049	317933	284868	279827	266248	296768	298499	310988	260748	289078	289395	304217	298229	275045	313540	307291	374085	299798	261851
P27448	334367	245003	227732	383425	359094	299075	325101	239871	260862	343105	279799	289548	184782	264700	334564	227625	229094	309269
Q96PY6	283442	302384	220183	260066	318661	317002	253990	231659	260784	290851	254673	296275	337858	375180	283467	372929	237354	256173
P55884	116022	236085	306755	371709	313397	279219	283712	276052	266825	359763	279609	210133	424877	317616	315460	403779	87861	268016
Q5SW79	437945	249230	287029	384644	341082	276900	283077	221822	228346	358756	294136	275978	216095	264911	268863	270261	219698	283561
Q86X27	314060	259953	225755	292697	295318	275548	264154	219397	248413	292208	250371	284508	271585	292250	298894	303601	224343	262696
Q8WUI4	248577	190932	169345	254571	293132	278395	244594	266079	252205	340832	274590	269148	320915	345508	306685	263764	328752	277230
Q6WKZ4	412694	273636	267188	363349	377350	304935	283699	225331	234370	253241	236730	229604	281074	349779	254738	363456	248700	223286
Q99959	303182	278467	264247	326823	344360	326550	373894	343910	400623	259282	245490	271357	137330	241244	222134	223994	174952	249708
Q13009	325571	275260	279904	381336	420928	335572	375122	266440	261052	243182	245141	234404	262543	299012	261436	264993	211367	249126
Q8NEM2	371668	241657	207136	339625	271461	260150	248862	181190	219667	306682	249640	222764	267176	320430	286539	269842	226270	275325
Q96F86	362442	266582	231562	116446	98974	93816	121240	111018	116099	271359	253387	260699	394517	488840	513641	376153	368655	403537
P46821	345332	257098	246824	186542	240876	233867	199969	166234	224437	279441	216978	231080	400475	352954	443781	316920	424707	390684
Q9NNW5	250850	186018	199392	255460	288993	241336	247981	216067	212501	299905	252989	229783	166288	343496	294695	166837	281126	262480
P07237	280971	187754	169827	179223	254369	244813	268021	202848	193413	263612	526141	251974	224203	301571	280555	251114	206940	206511
Q5T5U3	292149	224984	207490	405662	336233	273141	360618	245275	259410	268120	240458	235473	192184	229924	250538	221699	190201	243462
Q92574	355260	251771	208995	207012	206257	151434	200654	143268	176570	270641	208453	227570	258472	314013	351079	391310	327203	433468
O15294	315430	279914	237287	284531	272140	237161	244866	184925	202386	269859	222644	235093	195635	259026	286727	229129	228712	235621
O14639	274866	209741	170483	272400	277704	252473	231645	173743	225907	234620	178202	204596	243920	262215	244037	278369	237859	214889
Q9H4A3	259638	168827	171115	258432	305417	252110	199479	189353	221297	231699	225349	246005	230537	256971	227087	239974	205674	209397
Q7L804	283654	231009	190676	260812	250057	265050	213484	150286	210696	219684	181101	220674	249237	273911	270986	284030	210674	219284
P48729	215398	216726	146748	264843	224979	231516	192072	127378	148965	218020	164579	165067	259736	212219	353254	248273	247607	174225
Q5PRF9	209086	180747	141741	192490	231045	197119	184188	158384	166454	237288	216571	213098	255696	332419	259582	303079	230779	237736
Q9Y2U5	237606	214682	168324	228306	213424	215327	226286	179697	196452	200435	189918	234843	198322	260165	231994	245837	192073	186866
O60825	213695	254659	171633	90106	121697	129470	122534	113308	119063	229609	182871	211341	348764	408652	417745	360048	316995	216405
Q9P0L2	286347	187305	206565	340274	215029	209018	250770	230053	149180	231734	201726	216858	188060	165449	178389	251637	268688	163752
P40818	234796	159969	148070	177429	231989	210136	206795	138511	175438	198051	187545	237212	213399	251479	373556	220378	239148	208253
Q9P244	283513	199307	187282	270465	214000	198170	217065	189379	187728	246758	207909	191473	200902	237430	225096	242997	178015	207681
Q9Y2I8	247501	181395	166523	226078	214517	190198	211261	164051	174494	241746	199900	237023	166535	261734	247485	142688	169309	234386
Q08AE8	239434	200290	165260	201301	231865	231973	208204	155824	179757	225881	188820	216013	197698	205901	223836	206604	165957	189683
P55196	286204	208964	179066	316373	299569	236380	281974	202440	243299	182836	182003	184169	172568	173969	190469	202978	173850	211275
Q99759	231600	250713	163532	206501	215558	203346	160325	144366	171643	214633	165853	171115	200645	207234	199846	311548	256521	187577
Q9Y2A7	188779	167354	211869	218067	187335	182866	240232	204104	215485	185433	226139	252417	214907	166953	156082	198457	315617	127655
Q9Y6W5	207777	193393	173258	163343	230289	233243	232261	232529	249645	228856	263499	269298	194476	178023	175289	174237	146554	171775
Q04917	232428	161310	141295	257313	207488	186455	183501	144897	144917	195956	167170	180988	406624	234099	267527	294070	292925	198517
Q92974	200271	167029	130837	268347	319378	227207	218415	142335	178644	192986	146208	246599	204886	201313	215895	162433	148683	190110
A6ND36	213649	131748	151513	238052	218323	190000	175644	123087	135300	225613	150581	199942	231477	193043	286822	151000	192813	223841
Q96N67	280241	184738	172594	278059	282321	225817	238552	176594	188327	187057	201035	198888	187299	205540	164877	197173	148657	160743
Q9BPZ7	184459	136047	139751	252737	209831	202362	163924	144063	141655	226068	187839	195004	222598	242796	232765	217273	174048	189641
Q6ICG6	193996	168412	151330	190254	190835	222042	164795	134890	165357	208676	169733	200359	204755	255127	243242	194540	169653	161283
Q14153	247276	151646	145338	204759	193895	226233	204264	144599	165657	172180	136807	168212	263855	251421	160473	257837	224555	184792
Q9Y3R0	206857	147451	171298	227998	232272	178553	166512	157275	145922	195858	166821	203063	184918	243921	213631	217265	159679	192608
Q9P0K7	215862	260404	157050	174054	186159	202610	194521	159709	169085	171775	160648	167522	189070	244559	273906	213051	201071	138019
Q8IVT5	200500	182885	146121	218067	233855	214881	216417	129182	165541	188074	175081	184966	177310	217691	226069	202435	176212	185028
O60333	273195	160324	131296	191665	258745	181793	141098	103613	177518	214808	170848	198077	150115	217529	189797	216193	179390	224938
Q9NYF3	210571	157653	111533	192139	188654	181234	161237	129848	146575	193564	141162	155833	216203	235824	201146	206436	152443	216021
Q9P2M7	220436	191541	131970	205272	213179	189553	132064	161405	177326	170603	174650	145921	174766	214325	197012	183623	105698	190167
Q9HAP2	223687	180097	177264	193131	190284	160036	174050	148195	148166	202519	186171	180487	166433	219922	174351	195410	160969	191754
Q12802	215591	176420	149030	187391	224145	170864	168000	139085	170035	175774	181908	194876	173419	206648	341207	196784	170267	205608
P47974	234693	176816	182089	124105	157254	148433	135038	103755	126604	202770	176539	212676	178214	171119	207915	180621	178341	178935
P62158	283893	157935	171144	188000	112215	88224	145336	121700	118873	233381	229006	213754	176143	174286	190728	208303	161975	205968
O95544	193765	184747	156822	223498	211560	165872	205298	169596	157888	197821	172789	175557	139753	174390	211334	186432	167390	168910
Q13625	223215	160384	126410	196804	210251	171107	183826	122039	139763	163369	137505	151884	178496	210738	219376	214159	167756	190481
O94964	215196	150847	149481	229100	200119	151384	167572	228812	136166	177941	164674	152535	605660	168239	218863	500244	187471	145410
O60307	204088	130767	130812	283681	268214	208494	161888	109533	169751	176487	136723	171541	100566	161294	220481	123513	127062	187699
Q5T0W9	209396	290658	142625	208270	201313	167012	179726	129600	139965	291291	150711	169061	129849	153106	175610	155250	126481	162653
Q6P1L5	179046	113478	111270	200781	184675	156040	162790	121293	142453	192668	161319	170942	165906	186645	202540	160651	139336	169575
P46937	235416	185674	143528	156537	222483	177727	190373	153669	166702	178982	137390	164960	114313	152500	139269	164741	137384	154134
Q96NE9	225195	141306	157895	241991	188432	210504	161975	135608	180896	214566	163309	156988	138789	162931	148252	148241	112477	151287
Q04637	190461	168186	104688	153525	132541	169511	155928	160815	145527	173400	123344	135108	174602	174053	127147	133337	172537	161250
Q8NCJ5	228661	137805	150544	91523	85723	85197	87698	72461	71992	197144	165890	144071	220561	242019	250426	219482	172688	222914
Q9Y597	248423	150276	115380	321511	348467	216478	157238	99600	140911	202392	156641	160608	171497	134152	212345	128716	86693	128739
Q6IQ23	154103	180588	166678	174043	190194	145835	163339	139297	152063	145000	154874	135787	172253	156662	227984	194241	154266	154451
Q9Y4D8	145761	141785	149121	152780	176574	149144	158046	167743	148239	212844	189022	177099	144859	156646	186697	129461	157233	153531
Q14C86	195922	125767	120334	173379	164714	138988	148254	140281	130925	158075	138094	150817	128384	177722	168740	200982	158075	165111
O75420	146469	101130	95482	162023	247810	161693	140358	95362	129749	195287	198804	166150	151464	165403	157104	174570	114568	146115
Q2M1P5	151228	116215	93985	161828	170878	151662	165867	151948	157217	143733	127023	138109	216352	176491	153216	171728	135957	111792
O60292	167779	137550	109402	143857	149772	158109	153775	126220	137168	162583	145061	153791	189068	189612	191149	191411	143311	142455
Q86YD1	155630	213654	146057	96360	156018	151045	125446	114006	126943	129192	114416	120527	152017	158749	157603	195337	201705	153052
Q99683	165165	122324	109438	182598	185961	162433	128271	97585	101295	168632	121450	137649	195820	164251	160442	159569	112239	143034
P30305	200935	211246	122249	157549	170061	192632	114380	71964	94848	126591	79578	100202	162839	143037	149675	153900	152056	159859
P11274	158036	123379	124596	514762	170956	359304	356531	131615	135764	133755	137559	147376	287933	167393	165902	154206	131381	140203
Q6UUV9	165109	137866	116323	146107	181841	159319	168329	111443	145770	151522	120246	143936	148236	182170	179327	175314	127195	169792
Q9Y2X7	87798	116297	106276	208804	205945	197381	167721	124502	148149	147256	150906	155571	107544	187365	165849	192056	104282	132391
Q8TF72	203510	144618	139018	215595	254143	184658	179384	122629	137339	181140	151695	182969	222249	130388	147018	122752	124142	134721
Q13310	157428	170844	121702	123385	138539	161457	136433	110647	135847	144309	135773	154053	216062	235935	216036	244233	156573	110124
O43896	194884	148146	106194	128609	147545	105245	160275	147006	149489	186877	123125	137500	222752	169061	149891	215414	127908	152897
Q9UBS9	148306	127200	129723	160616	184974	138311	162087	145318	133939	156217	149106	174711	147406	153696	169049	128867	132146	140728
O43822	166677	148178	127589	170231	154274	141220	131467	110004	121741	144742	132066	135096	231054	146939	168696	218899	190308	128695
Q14974	181169	158047	125437	128167	136767	163918	296884	109906	141213	125943	146642	151177	199146	215896	141690	154921	116553	101699
P85299	135846	102456	89656	157363	145164	127425	150844	93003	139470	160058	141845	151708	147480	193777	177421	168751	121723	136775
P61962	211546	105029	108727	234837	181322	170908	163241	97021	115277	162956	127274	127050	151466	150582	166431	132489	124357	129613
Q9UBF8	140831	136283	96674	142350	174934	144341	151521	120159	134050	138941	141597	132356	127572	158724	145482	163388	130104	123079
Q96PE2	147617	111754	98164	197071	195697	153913	170987	125529	143685	146480	122461	151018	120684	119789	152246	135432	98401	109053
Q9HCD6	144507	142624	134893	185857	210762	158660	162109	128589	123625	149232	157951	151027	101959	136146	136442	130503	134901	110851
Q96F07	108125	114308	108978	114937	192311	161452	188011	155304	114898	163735	114435	167938	133627	162202	177510	103003	144824	79824
Q9UQC2	209478	138480	83879	75051	106890	87915	138205	108059	134518	112358	140308	158200	200124	182469	153730	186082	138566	173529
Q12906	163340	114438	76884	168223	162204	149934	113182	128590	132855	154532	132659	124449	172734	154845	136690	167398	75255	119720
Q9HAU0	191032	413621	136294	155116	195249	163913	140781	328828	130189	433311	79778	126407	77037	113986	126136	102413	98998	127272
P15056	159582	104113	116849	154078	134653	123749	115002	93895	93596	146171	122532	130262	156125	173810	166363	168813	113919	147643
O15226	137316	137500	116402	132898	112178	163790	147348	114803	117892	90085	147420	199111	140381	125366	131403	131526	155564	130278
Q10570	141121	108820	107363	143629	25266	147876	150616	95567	129991	172438	105996	110155	116193	184912	181252	143180	132080	128484
Q96TC7	113406	92277	97662	167759	147493	189188	197897	159886	171090	169820	170953	201060	88589	102406	107826	79556	108255	78577
Q4KWH8	97444	111731	95311	84399	143005	134462	123528	139452	107544	163858	134924	101516	105975	163273	160267	159390	114611	140883
P23588	152562	131141	98387	136588	140880	126995	150467	105508	122284	130753	111022	117946	126687	141794	121554	159831	126735	130960
Q9Y2J2	155409	106827	106205	135291	138631	157670	127593	83438	66801	152841	101022	138307	114426	157459	167194	128540	100972	119597
Q5TCX8	143154	111620	110693	125844	127256	123822	108481	100849	103027	136124	128095	120702	142916	153511	164060	157814	122926	131922
Q9Y6R0	144364	129094	100993	142970	163481	168855	162081	99532	148738	122857	108783	131784	94177	115510	128618	101184	85014	118990
Q9Y6M7	117478	76983	73333	132240	150776	141205	139038	148350	134898	173085	146544	163795	109326	116578	115601	118505	94940	83848
Q9BZ29	117743	99714	100018	139324	139842	135853	126924	108690	109324	146163	127378	122533	124270	140040	130762	124561	78909	80267
Q01082	216353	104986	98676	105499	128582	143514	119434	83959	100003	118195	113459	132227	130019	131873	132990	161521	118743	136328
Q9BYG4	148599	126756	102758	183881	115010	92755	142646	107555	110688	110799	97512	117912	166756	167524	140340	183308	129189	118968
Q96S53	137800	115539	90355	116299	124446	122702	97127	82979	109002	162393	127978	130157	120109	151756	162287	132360	108458	118061
P78406	183737	112611	109548	60606	66494	57424	61942	64162	54801	160349	104843	129950	185277	217135	244109	185225	138092	180954
Q14980	108681	132200	115201	122063	172588	54106	168743	147164	113191	174452	106569	120049	56988	166654	89253	139771	119108	122464
P05783	156030	125823	115243	156345	157207	123412	154052	120299	126569	135194	101023	121036	88687	106738	118090	118470	104612	101725
Q8N8E3	138298	108668	102364	101423	103143	184916	98994	85928	100626	168525	118656	153823	147982	200093	211620	152311	111928	121197
Q9Y2K2	138605	122600	60369	161247	171702	158899	121075	84851	107241	111857	103856	119192	118664	117900	132469	119677	93607	120865
Q16531	139753	172342	89411	145561	131788	115884	85214	88627	98507	134167	115727	232769	109009	122084	131106	111014	146836	104528
P35606	26990	129526	94788	158245	134792	120438	129195	104944	112631	109511	116586	116194	134507	121517	96561	115958	89980	108758
O15049	109760	115991	92054	116138	143060	123351	127693	100091	118803	107276	102347	125175	98453	128855	117371	101729	91626	130373
O95685	113984	113765	83792	99860	103783	117921	106758	83636	87414	129616	113636	114254	187584	174086	179422	183464	128871	104488
Q9NX58	129720	109493	33098	112359	129490	42534	103122	127751	42131	146093	114554	112303	118186	97008	131289	112997	116678	116944
Q9UH92	115790	110657	88478	70773	157070	156484	127905	101466	106405	70117	100707	113400	148288	112867	168728	175312	143284	63147
Q5VZ89	101015	103239	76487	121136	142060	119274	106535	95408	94637	131294	101003	119287	136496	140158	118166	145598	96787	107963
Q6AWC2	119451	106955	73873	97220	138083	113262	115015	81743	95136	104814	111212	112833	95616	126715	125068	118367	112156	107507
Q86VP3	125877	97525	97518	102272	112172	97106	110434	89151	91389	138513	115573	104064	137862	141619	125947	130041	106909	115458
Q9UPU9	114439	90743	75366	123793	115096	114095	112742	62395	78133	118846	94815	109455	89836	114482	125337	292179	91880	95359
P60228	123942	105393	94886	107655	135327	124300	103943	86605	102143	145405	106990	231308	112165	141141	221499	105636	108177	111700
Q9BZF3	136282	100921	90153	137198	109532	126895	140251	95822	113152	143642	109791	123385	100762	111577	109378	94797	66711	76801
O43166	110041	82697	74976	160679	115144	93807	132476	80098	88494	125333	90251	111276	91294	107798	128229	118948	79712	116731
Q86SQ0	153799	90437	87135	129297	138305	104181	149618	112167	122500	204182	85143	88632	215611	95121	78309	133091	78196	81485
Q14966	111948	98556	163422	116247	109060	103517	112649	98395	96297	119412	106290	114543	61605	133145	106382	81348	79842	108168
P54253	116720	83774	79566	85191	109613	124362	97640	82461	91276	106734	96566	128365	100428	108437	109943	116276	108306	87717
Q9UQ26	118617	75034	86116	96254	107609	106003	126061	101507	94059	103341	93787	108051	105665	94835	80490	99515	98759	104942
Q7Z309	117675	94601	76185	96935	105184	133642	77845	65461	88555	88907	92306	92059	130311	148708	144987	134645	103759	105689
Q9UHB6	99709	96470	62606	98087	100101	132046	128496	138046	121566	133770	96323	121627	68579	87035	111928	66487	90146	111855
A7KAX9	123209	79697	72663	99786	120107	90148	119815	76218	91786	103050	88872	97961	110642	229385	111908	96796	82218	244322
Q9P0V3	130123	98647	95583	146264	144268	138082	101114	69266	99766	87816	76509	90849	77275	112477	110251	81925	80772	98841
Q92625	106913	75150	71217	105581	119281	88944	110446	73315	78991	99830	69500	87146	96559	106452	115000	110898	75181	122749
Q07002	86243	101042	73226	186846	234733	187164	73794	68875	72923	154843	79530	82486	133370	103409	150035	142257	92789	83937
Q96Q42	104102	74548	55546	116868	106949	104362	95420	77447	84402	115293	107112	84069	93590	111957	120046	97746	78383	77444
Q3V6T2	139319	114330	94334	120732	224276	134920	102293	76361	76025	81700	64207	83509	184130	89337	97783	90032	107010	83437
O00571	105009	75685	85122	146396	124906	94267	99982	97645	98324	96793	80311	130351	86005	99877	81176	90910	85338	91597
Q13370	123116	100077	97913	79450	68866	76075	72604	68401	83497	116267	103396	118049	90735	107728	111508	107427	83528	91888
Q9ULR3	78085	77433	60597	143306	145122	145784	99482	64578	92393	96887	104820	93669	78068	95435	129458	85743	79181	88211
Q9ULJ3	113753	92284	75492	81852	82717	68565	90864	72022	78541	97029	103783	83085	97681	102252	108714	94504	79920	93147
Q86VR2	124757	75296	87830	91871	91442	108071	90524	47069	81149	93898	86297	91037	102965	91964	134717	81879	79497	82116
P42345	97291	89211	51339	88319	94759	86477	107072	66837	72036	93548	74822	89518	84623	102380	105151	97168	89877	85291
Q14244	84335	89715	79186	131298	155915	107325	108982	93125	89163	79378	96095	109404	36357	87071	89151	48864	67069	65164
Q14155	67438	55093	60386	108507	115925	101378	102072	70579	86030	99939	75462	86477	78796	94127	103695	93266	69400	82292
P08069	82363	54003	55931	78634	67115	75526	55613	53079	66702	104278	94006	89824	119808	126735	127325	152254	132486	151442
Q00587	119685	93869	61279	103293	112416	94987	86996	61570	84411	65975	70968	81861	90782	98429	80391	98145	61295	81416
Q6NXT6	116861	85645	82011	120814	97300	84951	88313	71082	74358	109503	89175	89799	75226	117215	84358	67328	74725	83105
Q9C0C2	89031	79925	69705	105092	110962	80194	95130	79295	73923	103548	76722	82706	72312	105770	106226	90416	79303	85774
Q96RK0	84786	126148	50821	121961	83283	79831	60617	74925	55772	131876	137485	127500	68537	89342	103922	52801	53144	85379
Q6ZV73	103176	95713	74103	69221	87955	67609	83686	70981	71685	84304	89114	75318	80347	84892	105806	136369	59706	88788
Q9UQL6	67496	93545	62156	74768	71223	83258	77038	66079	62493	101746	92064	82792	85253	127635	124166	75808	91453	90693
O15056	72961	70840	58436	91651	99644	97763	98248	80976	91917	94028	82282	87899	81566	82287	82317	69365	68412	58798
Q12840	105050	69908	67951	89881	68733	101461	87101	45220	80082	88723	89880	63517	82616	87108	157154	81148	81319	70035
P51532	84432	53034	71788	57614	79817	84096	91044	52013	84759	76900	68843	91031	44965	99428	95047	93576	90757	24375
O14974	87619	68590	70775	126840	146101	93510	83275	76817	81559	102974	94450	78718	66785	80886	77624	65141	47966	83610
Q6P597	95993	77525	64037	77307	93401	83931	60934	58714	63650	81953	62221	79739	122070	86477	140097	121250	109336	63374
Q76I76	119825	80297	75073	107902	101314	84532	80708	65131	75390	94596	72928	65547	75128	106682	75877	102148	60494	91230
Q3KQU3	88997	65913	59845	109247	111022	108237	119929	68450	84330	75045	58072	96432	46506	76299	74526	89203	93603	61572
Q5VV41	86254	85832	64533	150582	68135	83861	57618	57240	75131	69193	85580	79109	87237	94519	80103	106160	76481	64543
Q9H3G5	89404	75586	73010	97260	91201	98805	71306	61837	69517	75221	75131	82940	91632	83098	85435	91139	70039	74130
Q7L014	111940	64091	62645	88835	68445	79693	68769	74726	67728	76715	77637	73214	111523	96201	89719	79828	80862	81064
O75390	107720	71586	67602	64132	76439	42903	59054	43165	47285	89711	78589	73904	226756	130435	152804	154260	156677	93290
Q9HB19	101116	70390	56487	63794	80547	85195	75467	54785	69326	73702	73540	89274	79051	93784	132198	136696	67808	103817
P63173	91627	56987	56279	93925	60347	73143	77772	55392	65373	81670	73373	71100	82836	78025	80351	80560	57835	84962
O15063	90834	67791	70875	69643	117712	72641	74310	50775	75249	82240	75173	66539	96976	75871	100908	121001	89957	105489
O43524	104549	66640	78178	44951	32394	30021	49441	51981	55496	113119	88347	99709	75797	89672	96438	75100	62149	75295
Q01844	85142	72229	67639	80658	80584	90495	84363	74465	81821	81860	75338	93814	39004	71874	62316	67543	53485	61887
Q86X02	92819	82653	64836	73762	73202	81931	55132	53195	75847	50867	46369	64811	89379	100938	98181	96857	75835	67603
Q9C0D5	86887	68225	67526	78291	125688	74747	71308	59662	60942	86412	69607	79455	79019	86254	73092	87786	46833	50974
Q6VY07	72107	60132	75573	87800	70056	58167	80623	85571	61210	110808	103517	75074	54803	86599	77564	68787	63979	66044
Q8NHQ8	42419	77940	29005	88091	112776	59503	80278	63732	66256	73095	71178	42891	72909	101826	126079	104365	120057	35190
P50402	66424	43424	54222	61290	73119	97619	66316	45457	65827	72902	52255	73525	86025	71530	84776	97785	88705	77047
Q6Y7W6	84904	60597	45307	187725	112591	60286	69003	70714	67648	106269	88451	81856	68535	78607	83706	64081	62428	72933
P31629	67861	81920	72803	70048	82932	82569	55238	61150	48565	55005	75273	72386	41471	74010	76496	54809	72674	53806
P30307	87733	75288	60307	86238	84406	81657	66417	48654	71964	70865	49126	70337	67008	79210	91033	71008	64329	53921
Q9P0L0	64024	67136	80162	70342	66686	103755	84135	59766	77559	52516	76614	85976	93676	59775	102452	71062	65562	61792
Q8IUI8	80315	53192	63217	75829	93986	45078	70514	57562	63782	63897	52023	71619	85517	75831	83494	69955	60071	75662
P28290	73764	59405	54809	62041	70795	62850	59163	55145	58225	74518	76760	72789	85720	77514	89283	64585	78129	68743
Q14678	126185	73308	59450	83972	84118	52913	105970	51096	58069	77879	53183	71375	61116	120299	66959	71595	67024	67179
P48634	80938	74935	55967	71435	85426	69807	68042	60227	59775	75646	66742	70808	62197	74692	74834	64879	60787	55507
Q9BXB1	82183	73207	77809	93226	83059	73069	65335	70872	49444	79521	53717	67480	69968	44652	66370	51937	50098	56894
P46940	79642	65587	41840	87976	76525	103654	59472	41371	49490	65872	54527	69883	83582	77371	91048	75187	56480	66677
Q09019	73273	58922	48507	58741	55895	79843	76001	60755	63978	64288	71032	74072	73348	84022	84908	43779	58059	72473
Q9H792	77658	65438	61423	73902	80094	73258	82561	86552	66495	62788	63041	62446	112336	62555	68592	58400	69851	52944
Q9H7J1	65143	82726	43502	40432	68919	90765	61753	41534	63725	50674	48878	75617	109966	113104	113823	141073	96330	64193
Q96HS1	83044	65982	55959	78733	66617	58107	72473	62174	62107	66456	66167	76080	77896	72241	66928	70081	72218	61143
P15822	101867	58895	58496	121459	80000	64850	69396	51374	60020	82361	59813	64162	57350	59949	68617	72244	72459	71381
P26045	68918	60652	55608	65592	69134	81095	60296	49637	61013	75670	66808	69256	68742	82181	76913	59767	50101	58873
Q9Y2J4	84774	63541	70058	54504	73526	80296	73715	56855	63064	78235	59571	58832	68360	80323	88360	61047	54379	52617
O60573	65626	58217	45830	62005	78019	68504	65824	42696	51505	96738	67200	82185	64266	70257	88501	59309	46096	60322
Q86W92	79368	62836	41198	66421	69773	46852	77061	42281	45940	75054	46567	52018	66389	69386	67885	82596	52788	50750
Q9BRK4	65479	52899	46555	74812	70484	59078	73694	46265	43226	66857	53459	69298	57651	74481	72607	71888	58998	62750
Q9Y2I1	68246	52583	51304	63446	54496	65666	65619	57630	63430	63238	56822	68827	74240	65546	64167	75066	62039	54076
P49757	67390	60967	47851	86744	115000	97996	85990	53003	75793	64936	58605	80237	51745	56308	66169	47531	40898	46992
Q5VWQ8	74314	62746	46760	75341	70761	59569	69629	55456	48058	73110	41298	46629	80866	62381	87601	52073	74629	47312
Q8TEJ3	62174	56838	45316	47089	72675	68213	62206	40076	51399	67051	69717	77585	64568	76644	81436	46357	47006	46241
Q5JXC2	78206	62651	54710	62628	71108	63558	61496	41943	52589	52664	61141	55810	70408	71223	63599	67026	52922	60132
P19022	73110	61469	40403	62386	70234	76705	55301	32728	48046	58059	51908	53590	91204	69167	106647	82157	73669	53028
Q08AD1	99924	62006	37077	104313	71907	47216	87954	35991	56678	81212	60780	48665	62477	60601	53363	70491	41944	67212
Q02833	60745	59499	44186	78344	76249	67043	69006	44976	51299	51390	43621	56924	79758	70887	70786	86279	60879	57860
Q8N3F8	64336	48875	60549	81532	60694	51279	68740	60028	64934	61949	52840	61245	50531	63400	60637	59940	46369	46180
O60884	75261	52517	52392	61375	59660	52967	71606	43531	49853	65276	58284	57467	89481	62308	65028	82901	61683	55001
P30291	60654	58075	49420	59623	77947	62531	72011	54662	61974	60076	56150	70160	50822	53627	74079	60811	59843	61396
P19532	74959	50900	57075	61812	62775	43966	58373	48666	58291	74165	45507	47763	64475	73229	69175	71237	47691	78317
Q6UUV7	79779	74811	55456	53864	75775	55417	56607	54343	52940	71912	69869	68179	54715	71831	66628	62294	57428	56235
Q9NRR6	52600	49014	41163	65620	78730	73095	73535	48291	73064	55229	48821	66204	45263	68162	78197	60446	46836	58522
Q15751	45599	38357	33625	51753	81797	69725	81694	35591	60268	67514	72319	47810	45354	44325	119969	57318	72204	64158
Q9Y4F5	79965	49384	55462	66625	80214	46576	63610	45494	49858	59674	67034	59499	56312	54081	63073	34856	73945	52351
O95602	64264	45172	43925	61732	57222	58548	60705	51606	49881	72083	54974	57643	50362	62374	63717	57526	49801	47183
P04181	69743	40755	38921	63334	50800	62209	62156	41329	46662	68621	54300	55566	75851	68709	70959	59182	48713	47346
Q99570	67718	47565	46096	56560	41459	57653	51708	31799	48028	75356	56600	58439	74332	63627	67318	78212	48082	61077
Q96JH8	63844	57192	45242	59134	53592	71359	75227	50050	56501	69146	29823	61883	55696	52138	61541	60019	45536	46760
Q7Z3C6	46672	38467	36198	82787	80089	60422	58377	49708	53457	60530	47582	59200	57247	57030	75684	51025	50456	55795
Q86UD0	56074	56123	31758	49558	76293	56559	55251	39427	38580	57440	45702	45120	70375	65919	73357	85782	56857	52629
Q9BTN0	77298	53107	51915	77570	56186	71265	55168	49813	64587	68790	54997	55582	61723	55575	55488	56907	42970	59366
Q9UPQ3	74073	58513	53736	73541	68454	59588	57811	48204	52447	70802	53444	47579	54852	56910	53356	59805	41625	38856
Q9P246	73614	50404	45943	69815	65229	66792	52246	37726	52671	67733	54800	56833	53513	65020	65987	52374	46198	70845
Q99698	56516	42407	38477	55749	65546	55155	48725	43499	56828	63684	52570	54335	60042	57437	59395	64349	44644	44068
Q8IWC1	108412	46294	46954	57410	54153	70428	53909	36900	61494	69639	52155	52163	53808	67807	55523	72654	49047	82628
Q9Y2U9	63414	54024	77791	38882	45935	36644	25646	26905	36648	41048	47593	60677	64451	59806	78542	58065	76635	54939
Q8TAF3	42879	55361	38593	44808	54077	59755	68878	46384	51835	62223	60271	54769	66906	57511	70092	45857	47403	31867
Q8NEB9	67410	49922	45021	52867	48462	52322	48649	35287	46155	58936	47179	54205	57058	74893	74260	63428	55931	57391
O43781	52401	42291	49151	52907	72778	47070	65142	54887	45615	56916	57376	58348	36924	54762	56132	42122	44072	50940
Q9HC77	115347	46105	101330	45098	65108	54448	62167	41009	40922	53269	51171	48407	71199	55902	96128	49710	46627	45286
P81408	68280	49611	41941	56386	53556	46901	57175	46003	51850	64299	61818	49726	41087	60702	54816	38606	48202	40993
Q86YV5	62165	42552	41376	49159	63641	48180	49886	42388	53212	62883	50697	53645	47979	57895	66655	47062	47445	52463
Q9P1Y5	44283	54501	49194	57251	113967	70910	58036	41071	39111	51885	38131	53216	44172	45367	64569	47418	31774	50850
Q13136	71713	49342	43163	41751	39776	38108	34155	44512	50478	64725	40551	46930	90348	81773	74570	67501	87629	60344
Q9BYG5	68922	45342	37831	76056	74169	57754	52118	29434	43151	59377	40154	36221	46698	56892	58080	49340	43670	50411
Q5SQI0	49214	62969	34865	41179	53631	62358	42738	35493	39647	49723	40075	49850	78751	89629	76474	81375	72483	43000
O95886	53094	45086	44423	66275	61026	55948	56671	40195	48451	50773	40810	51190	43404	50558	60605	40757	41889	48151
Q8N6Q3	50215	49490	41297	64962	97916	67936	65297	38019	51918	49390	48474	61791	25662	47682	59832	42364	37908	45488
Q8WWL2	57508	59781	48219	31634	35278	35457	47273	42983	31973	64664	42019	42961	61542	57025	67822	70793	50444	58672
Q9ULT8	53061	41448	42493	63644	59363	60109	60034	47596	43141	60898	45773	44525	43508	50993	51631	43503	36101	51828
O94854	59585	34481	42069	69909	64310	55562	58169	36153	45159	57745	47478	42667	44987	51133	51409	42736	37984	50459
Q6PJG9	58435	39264	29355	80069	58429	47756	54913	42470	43124	53605	42437	50454	77471	50959	49486	48244	43418	46036
Q7L2E3	48904	37212	28624	31520	56244	48406	52286	42506	44873	48752	40660	50034	67857	47919	50845	48972	23318	39904
Q9C073	57920	48855	38105	38091	52499	46400	45186	30451	41792	43890	38902	49252	48020	55889	55003	56649	51406	48000
P19484	22742	48140	35100	14572	10454	27922	53624	25949	45520	59013	47026	62706	66511	62901	70366	60228	40424	55746
P49674	53330	57364	36325	23002	46080	47325	51052	34957	37858	39652	38328	46948	53519	60128	63512	60316	63536	37998
Q9UBP0	58676	44706	29312	55606	48594	37697	73101	34184	44756	45832	33242	47172	46857	54517	42728	64936	52938	50954
P41743	52255	29251	40127	74074	51482	56096	41243	28516	40553	53311	43819	44761	41354	65009	67317	53849	39465	49191
Q70EL1	52054	27252	36255	63723	78890	55381	53620	46316	45073	44762	38590	46437	36713	45932	98962	39204	47552	63834
Q8TDY2	51506	39012	50653	31053	42359	36489	30295	49024	59982	35241	30554	36276	53937	57030	47052	75228	45543	53948
Q9NZQ3	38081	25825	30986	56193	48445	50879	35763	36866	36623	58654	37023	52687	89719	62185	68040	57092	30415	43938
Q9BST9	55751	39873	39217	45565	41834	44645	46634	37940	52084	48764	62877	45690	57255	49265	74178	57423	36867	37234
P35232	44554	83770	46786	29803	33340	36480	42382	35067	35147	43443	45431	52077	49670	52716	52497	48045	48969	93294
Q8N5S9	32490	40457	28540	50867	74955	58838	19697	42662	46948	51349	55639	36279	31448	50080	45026	26870	47825	53931
Q15276	79323	41165	54391	39247	46331	56468	38661	25336	39103	65348	41071	69982	45334	49459	74005	39117	44329	56858
Q01813	78817	44796	37507	59738	59180	35610	46341	25628	32651	83641	26472	41298	44401	91022	43114	68008	76511	65929
Q14498	51165	37684	31280	55583	54349	55107	33404	34184	44867	49029	36686	53671	45217	45292	54202	51898	37557	44182
Q86YM7	40927	51010	29185	42562	44658	54746	28511	18934	40069	37366	44967	36132	81751	71708	84570	79121	58355	53491
Q99575	45997	42026	41364	39968	52414	59307	49548	40443	46749	44663	42969	41027	45088	44527	45221	31714	41431	48645
O43314	54781	44780	38149	37913	40065	34979	43879	34465	36271	49620	42568	40224	52515	54598	44120	49500	46873	45804
O43155	70415	37795	37550	59987	48278	39370	45454	21835	33732	56051	43286	41600	37508	50460	44548	44810	37990	51301
Q9Y5Q8	58275	43071	40133	36388	47511	51115	34915	34390	45902	41154	50246	36440	36490	48264	43229	53626	44253	26917
Q8IZ21	52774	32391	32081	46965	42902	33485	34670	25938	28562	43120	44169	35105	50510	57740	54964	58184	51199	39899
Q8N7R7	47419	34081	33793	42174	46764	45928	42100	27576	29523	41263	36074	32908	61291	37476	46048	55006	31398	47748
Q8TEH3	57121	40697	26092	40592	37462	44402	44752	27476	36316	42141	44065	34880	51421	46930	57486	53169	40753	39563
O95071	61803	31417	28791	38870	39890	45867	43882	24945	43636	42142	35658	44712	59840	54225	49808	32033	31641	32914
Q00537	46954	33008	30799	83245	92066	91600	42307	25136	37956	54849	37063	48579	35277	43124	62462	31564	27836	39011
Q96PU5	42940	32452	26758	32252	27881	26097	49273	24737	19584	45118	36909	39029	55146	63643	49193	59626	42195	43350
Q9BX66	50199	26575	27285	36810	44997	41666	39511	33644	36037	46062	35902	37459	214636	46917	45188	51860	33494	46692
P0C7T5	35945	34485	27221	35087	42170	40234	41714	37142	35105	59165	56696	50578	55566	39905	62243	21413	46802	36683
Q96N16	35667	41264	27059	43305	45735	53629	34756	35580	33405	44042	30316	51012	44804	37836	54769	42634	33338	34800
O94885	273378	23305	22656	73357	43618	37809	20850	25404	24378	31503	23447	32495	63335	41425	47198	85561	41278	42010
P50548	56094	28424	28874	52754	56348	45152	49302	31008	27213	135772	108638	107750	39459	34628	39611	38852	33631	24164
P16615	63102	38495	44676	42396	36866	40249	43825	28266	65016	25708	37763	38310	40645	36338	33731	54756	61601	23567
Q7L8J4	92977	41947	33144	111342	39305	38793	44291	41829	45605	39285	33688	35322	34727	49624	41621	37680	39142	34663
Q9NYL2	46962	36423	18782	36019	42593	44335	47186	41238	39952	16716	37861	42790	9939	16917	13704	48651	12300	41837
Q12778	66833	41961	37734	28711	23400	23400	36037	26050	27901	50455	39496	38156	57055	50472	45192	62804	37983	41857
A2RUS2	46129	27631	22155	47499	39715	34072	37577	29156	36926	50149	38850	43833	42439	35101	40477	40245	26125	37911
Q9UKD2	22447	43897	39115	30739	88815	33128	22774	36072	25253	37500	55270	58568	99554	72095	69285	13942	77441	21925
Q9HC44	47676	34262	31543	56631	44627	43509	47511	35675	35007	44636	37791	42305	30833	43915	35957	26308	32546	38400
Q53GS9	32645	42054	38727	31138	40969	45458	25236	27802	37254	33123	40086	42899	58344	39940	35620	75953	31180	29775
Q08379	41214	27979	24355	55039	43331	35505	39787	37421	36745	43095	38673	38531	25289	33416	47783	32394	29547	55555
Q14680	42358	31142	25813	87522	37483	31272	64182	19380	39914	30357	49699	20853	58005	37974	34372	66891	31321	66025
Q9HDC5	50443	35176	26702	38840	43269	43610	55148	41079	28061	66146	34147	43498	29029	41476	36133	27350	31725	31543
P23508	39728	31861	25440	42234	40758	41577	39150	22878	30017	33271	24045	32885	39219	46768	44965	36824	36800	37361
Q14444	26635	32205	23334	38585	41952	42329	42996	39797	37034	27501	28975	36822	64430	51974	43878	36553	33002	15577
Q8WUY9	45855	47121	25927	61148	55823	50286	23620	20265	26348	47752	21170	39102	31001	29843	32798	59970	47701	33661
Q6UXT9	54047	35803	30007	36990	31451	33315	36453	22233	26750	43924	28273	33476	40531	41392	45317	48134	33787	36837
Q70EL4	42162	33121	27799	41273	40881	41195	46132	29741	37716	42824	37342	48870	27871	34263	34265	32679	28870	33523
Q5TCZ1	40124	35343	35652	44351	59745	63687	33714	30029	34974	38032	35582	40501	33402	18484	54503	28237	30937	49082
Q14161	36132	38224	21897	34094	68539	51456	25484	43772	32427	27867	50149	34971	26997	35069	58748	45583	27194	44491
Q9BQK8	35211	23781	14393	26814	38454	40513	95530	20912	25385	37196	33907	37317	35673	41064	38229	32997	22125	42483
P49790	49779	30129	23931	39187	20931	44398	38293	28383	34570	36153	40569	26782	24870	49553	36794	46688	26376	33886
Q9UHI6	36706	29760	26951	38818	41058	31902	34865	35181	36422	42159	32649	35206	35017	39604	40356	35880	29338	35405
Q9Y2H2	34228	26531	30026	32514	33510	27878	36404	37125	26593	35723	35838	32002	49702	41539	49423	41062	39585	28603
Q9GZZ8	32031	32879	23131	41523	36893	55236	29729	26410	38453	26323	32724	44875	45659	30484	47365	55535	36479	20789
Q12959	36258	25432	26293	22107	43858	39381	36215	26219	37458	37644	36891	24982	28612	38347	26270	33687	33184	35129
Q9GZV5	35010	45020	30709	22907	38953	33825	34899	22714	28275	31025	25286	33789	38415	39322	29652	62952	42914	51066
O95292	45163	37470	32747	41435	32569	38817	30846	30602	33887	34731	33085	35691	48251	30065	33863	40387	42671	22148
Q92614	33490	31662	28033	41517	34362	33034	51665	26788	39950	47816	32147	39579	29593	46073	39343	29839	32496	63263
Q08495	22870	32912	16477	25548	43955	40422	31865	18371	35768	32819	26650	29052	34924	41764	47994	45655	36476	36478
P48047	50894	34745	32735	28028	34001	42399	33610	34186	39631	33244	38317	27548	36808	26747	31044	58653	27869	15688
Q92622	44786	38087	26160	31083	23314	31630	34439	33700	29667	28243	30656	45045	47429	50135	34661	34722	28395	33833
O95490	49216	31348	29492	57309	42492	32760	63743	29067	28935	33312	22953	25496	49994	59384	46683	35591	28328	33956
O95208	24164	42218	37597	22790	45777	27069	40788	21391	19976	47278	16481	37541	103370	44313	25445	32346	25338	34150
Q8ND76	38265	30979	28942	38402	31915	43192	19015	21753	18179	31924	28479	31440	45814	38095	55371	52970	36094	34003
Q15287	24011	33207	29944	39811	40252	36363	31486	29606	26188	50981	30630	41500	25077	35733	37549	27801	29381	35712
Q92609	31634	32892	30040	31734	44979	43609	50109	33300	30935	30765	35403	35574	26836	39081	34604	28053	26548	26899
Q9Y2D8	53822	26134	22189	45988	28681	34830	35805	26734	34509	42281	32875	33685	26926	31458	33429	31098	18792	25857
Q9P270	36463	30361	20372	39293	34256	63488	34486	24875	26858	29054	31442	31671	76201	33566	26051	72261	23880	22669
O95163	33599	24026	23085	26890	31338	44460	34512	20294	24504	41178	31121	20180	37213	40136	45927	30167	34286	23966
Q9UPA5	35811	23647	18912	32701	30495	26662	19590	20665	22094	25497	31800	29530	49635	52588	42856	42738	38993	39385
Q15052	45744	27184	29442	7910	27278	37431	38551	27124	44589	34311	15082	40924	24297	70508	27350	13969	54222	32496
O15260	46848	21357	28049	76210	32070	24819	31965	21554	23631	60460	30689	59428	23183	31003	31283	24454	17930	33035
Q5UIP0	30680	39043	29978	24415	40869	35556	18362	19220	30183	36712	27294	19704	41509	28896	34507	24075	36721	31086
Q15021	42646	30291	24388	32640	31862	33955	70346	24748	20074	38365	77835	27060	30545	24165	28665	96013	26058	21550
Q9BX63	28828	29332	29700	50095	56616	30260	31743	19368	31366	29373	30357	28573	20161	31394	21207	27707	26239	28706
Q9H7U1	36428	29324	24215	31792	37198	29726	27147	21655	25161	33424	27225	32008	20938	28007	34293	29066	22296	33328
Q9Y2L9	37604	25955	19604	36943	30594	27441	31364	18420	33474	30373	23795	25587	35723	39516	27736	32790	22358	21060
O00459	32336	23416	21519	24390	25350	26738	35560	24893	25363	36068	27416	28561	35920	44782	43365	44450	34691	29486
Q96QB1	29048	19157	20622	24898	31391	30790	26717	15149	27317	37009	32007	37314	25214	39385	37873	28265	28924	29930
Q16875	41004	40099	25114	23899	3724	29145	34340	19660	21502	32924	33734	37496	20056	28128	20066	37055	18144	39554
Q9NXG0	31859	33679	29296	21921	32795	27695	23641	19922	21139	25448	27353	26272	32899	33420	41622	29740	27770	24721
O75064	27722	33069	28706	19676	21723	25408	27372	27979	17079	35650	32934	27638	26296	28857	31778	26839	28525	26430
Q8NHG8	41435	43200	26639	10725	10402	12508	16733	15194	17939	28119	21580	29032	40741	43976	33854	52371	35485	26792
Q9UKB1	38421	23714	24256	26412	25713	26840	28747	16110	49458	32537	26090	46929	27924	19786	25500	38597	33176	31386
O60336	31494	20268	25527	27597	26981	21803	30781	21299	28418	37888	25295	18330	30638	32762	28263	21582	23367	29810
Q9Y4A5	32789	26903	20035	23764	20273	54468	27638	23503	25828	29784	25387	30775	32185	31280	21959	36477	24821	35577
P98175	35433	29213	21268	23152	33298	21966	28123	23557	33174	26109	26086	25040	26620	36945	26366	26720	25309	25603
Q8NFG4	31844	36852	26514	16149	23808	11223	22923	31062	16344	11869	36026	8768	25122	48862	40487	30765	34541	25865
O94875	22661	15426	19253	31040	41739	31340	24633	22138	27337	30341	21243	28128	24672	23617	34701	30518	24193	27960
Q5VUJ6	38480	21402	16281	39781	28333	167187	28211	26864	25901	25161	20136	20630	29408	20690	24241	29710	18184	24341
Q96CP6	33198	25378	25062	30066	24437	23424	16383	21461	22021	27552	21755	48060	27890	25672	30995	30083	24877	27839
Q8N1W1	38426	25064	32248	21351	26600	21317	28663	22694	18127	90184	19721	27958	76797	21404	27072	24133	19279	25009
Q8WUA4	52388	27517	24249	23618	28528	29401	20166	22049	22463	29773	22611	31671	36030	25046	24885	42964	16920	20886
P42677	19523	24737	18502	19505	23526	24460	41588	31981	28432	25854	23912	20288	24861	33978	27882	32782	28357	20662
Q86VQ1	59774	23329	22364	45784	24415	26814	28347	17577	21568	32772	25163	28740	20501	22783	22003	28133	13948	29847
P78524	44170	21528	28288	31167	18796	16562	31779	17524	10799	35002	31090	27839	12213	13305	31437	13771	18738	31300
Q6DN90	31646	15648	21308	27578	24680	23492	24412	15644	24184	35684	28237	30178	25931	25117	33645	19460	17584	23822
Q9Y297	33746	23247	16063	28500	23542	30431	26096	17381	23783	22262	23115	25365	20144	22091	30608	26476	30958	25257
P11171	29476	18291	16547	25641	22775	19945	21334	14878	18045	29156	24951	24849	26201	26763	28603	26487	23649	20275
O95835	31861	21316	17970	32910	18255	25135	22976	13195	14124	26226	21467	25996	21926	30807	29509	32156	17590	27368
Q9H5L6	23950	24443	16784	24468	29820	30792	20532	19611	19804	22489	23840	14546	28427	25169	33959	29366	18123	21519
Q9Y4D7	33544	32493	24656	24839	29046	22682	31818	14202	23862	21547	28370	32185	23584	23081	23627	17431	22565	19714
O94827	25546	17734	24063	24381	23235	31708	16702	15432	16990	25145	26548	24749	19052	27578	33028	19186	17993	21686
Q92576	28110	22723	25077	20341	26462	24217	23846	15976	21491	23338	28758	25605	20857	28294	20816	20014	32682	20880
Q96P47	26533	23991	16077	22915	34347	28376	21826	19193	25158	25272	20904	25239	22332	24430	31086	19706	18912	21388
Q8TF40	28503	16974	23790	23423	21157	29777	20944	18476	21995	31220	23244	27607	23365	28700	25957	20319	6473	7962
Q5SNT2	32432	22071	20326	25214	31589	21316	26636	20113	24251	26013	31027	24282	20785	21765	26629	18339	18605	20148
Q6ZV89	23430	24883	12880	24759	25587	33507	22728	16347	23375	20494	18372	33085	16224	31691	34290	9501	11260	17334
Q69YQ0	22297	14465	16286	19604	32404	22050	19869	11358	32283	39427	23775	31503	19792	26241	32457	27280	17743	29073
Q9UK80	13340	19348	17719	7894	29961	24673	28608	20376	29161	9401	24203	27767	35929	31506	87000	6792	21749	5060
Q9P2F5	39314	17614	20092	21897	21952	34514	16286	14798	23295	42540	9219	24067	21872	37763	19974	18865	28941	25065
Q6ZWE6	20451	22251	15464	24209	26778	24978	23472	16048	20452	20958	10515	32662	20042	27128	37498	28887	13299	19090
Q9BRK0	26038	27511	18489	15750	18994	29671	13420	11158	16808	21291	16702	18703	30323	33899	48358	31767	21355	22829
Q9Y2K5	35478	20992	4827	38894	32625	28169	22028	13736	5952	32657	6433	31523	20956	7635	34809	17425	21318	5842
Q5VT97	23602	14650	13358	20340	15449	15704	28511	26718	17617	31300	20651	20274	25680	20418	21557	25068	15684	14692
Q96DY7	22903	14359	13769	24473	24223	29929	22089	16031	17135	18258	17221	11128	7608	22517	23656	22714	22890	16157
O75175	22580	18598	16972	18739	26515	22510	20023	15984	20222	25237	20042	25606	23784	18990	26080	25682	18976	19034
Q9ULS5	32600	16438	17269	14998	23793	18748	19869	12348	14672	29201	22492	19880	30906	27682	31862	29641	18706	17531
Q96GV9	21314	21930	16852	18207	22222	20893	20074	13914	17952	24376	15740	16272	30410	19577	27298	23988	19319	17996
Q96ST3	14542	20516	20847	21096	21048	19944	16650	23744	23048	19281	22960	26760	12649	19242	16777	16867	11169	13499
Q14571	28925	19177	15719	20384	16927	21472	16090	12636	27686	21642	21097	19572	19516	29882	22397	18416	19634	10546
Q9P206	18677	15075	14917	25046	27945	23414	19731	18416	22303	18624	16583	14393	21993	23450	22335	19413	7840	19720
Q2KHR2	28003	18789	21461	19664	17326	21352	21893	16957	16621	18836	23580	19674	18838	29601	16870	22159	16347	18921
Q9P266	22112	17489	10322	26274	25878	18482	14247	20785	18256	21138	18920	12744	8336	17383	20504	25306	19978	19643
Q13617	21294	24229	18022	15326	24407	17340	20254	11525	14956	19850	16305	16825	20872	18418	14868	22902	27831	25074
Q9P0N9	28217	19393	16510	18049	12207	12084	16798	13710	11567	21290	18249	14295	29472	19853	22751	26975	24025	25513
A4D2P6	20789	29537	27924	17417	10880	15145	12886	28081	20994	19108	38517	10781	14627	20005	18248	23975	12460	12633
Q15772	26643	20672	9157	19396	19966	20948	16308	12287	23678	11084	17779	11293	11612	19233	17904	19094	15945	22162
P98177	21529	24949	13117	9167	7412	12796	11884	9696	10519	17390	15785	19591	35591	27626	28344	38818	19896	24748
Q9Y580	22391	18589	5486	24594	19172	7459	18441	11985	3579	19361	12637	15048	10421	23843	41813	13973	18329	21414
Q9P0K1	24321	16543	17428	20809	23683	22336	16201	14975	16551	18432	15873	19493	17915	20809	26772	16798	18276	18684
Q9NXR1	22132	16908	10364	18953	19247	17521	11140	11359	16027	21291	9035	15694	24673	20141	21658	26608	21980	15889
O14980	19559	14345	32121	15562	16680	19035	16927	9168	11486	38985	37890	16393	16279	21697	26061	19063	22625	14862
Q9NQ55	22534	21161	17134	21111	23992	17132	18645	17704	18041	14965	16822	18637	15507	19047	23504	16664	16549	14293
Q9UBS4	19750	17805	16179	24179	20323	17299	25412	15189	14452	20038	17877	15191	17890	24974	18950	14057	12151	17778
O15160	9658	6779	15988	24291	9817	11326	18477	15704	17176	24422	21353	22457	10778	10825	24680	21153	18320	18119
Q96ST8	35479	13299	24271	17641	21926	18499	24740	13143	15265	25476	15215	15222	14802	28845	17469	16394	14816	25424
O43303	23945	16598	11143	22712	20790	18324	16552	10784	14851	18581	20137	19446	23188	8819	18642	10700	15663	12318
O00257	18565	18355	14083	13144	15926	16727	16675	12099	15705	17383	13669	19056	17356	18616	24704	25349	18087	17740
Q15032	25066	14383	14105	15829	17263	17679	12251	10852	10112	22331	17630	20493	20092	21944	24070	17105	15721	12731
Q5SZL2	6848	23474	19143	17027	21727	16202	15156	17143	12751	25246	24599	22369	2374	5623	18206	7626	24433	10351
Q08257	13778	12374	13290	16837	3905	27672	20600	12132	17493	17076	14198	18421	19401	23385	28141	21853	14692	15761
Q71RC2	18377	16759	12892	15333	18488	18484	17671	17125	17651	16113	16397	17576	14356	19441	15584	17246	12055	13601
Q6ZW31	22484	13938	13320	16663	20443	17930	16462	8898	17187	14611	20884	26536	12578	20191	22464	11969	8185	17339
Q99622	30779	15561	18301	19847	22679	34755	15420	12153	16461	23390	19113	18636	14517	16192	17122	12794	9773	14328
P46977	24614	13013	20088	15168	21497	14523	13391	9604	9307	18059	11913	17318	16137	21181	24709	15264	18708	19497
Q9UJV9	11304	20455	9492	15151	14116	16652	21553	16758	20034	14450	11800	14631	20556	24166	18155	22549	35676	13933
Q5H9R7	26525	12152	13767	15377	15293	27959	24122	21890	23898	13152	22799	12581	18029	23261	23199	11636	11393	13735
Q8IW35	23973	14671	13362	16925	20085	17906	19881	10303	13352	19607	12738	18164	15266	22578	16348	17184	15687	7719
P42695	11344	16159	70097	11951	11076	78556	83612	66024	6673	10515	16560	13054	34612	18482	16098	41311	17109	7010
Q9Y2H5	15075	13996	15538	16340	21569	7923	20196	14357	17328	20473	17949	16360	8806	20735	16577	16780	16053	11683
Q8TBZ3	15746	10693	10809	16627	18429	14388	15880	11189	14333	20670	17567	18297	15230	15212	20094	17355	8023	15766
Q8TEX9	1500	19106	21891	11440	33061	9144	26878	25363	29461	17345	26589	15601	2372	10787	15163	1936	12774	12157
Q9BY89	13830	12864	9224	19424	25034	15607	22071	11989	14402	18179	15154	17037	13186	14820	28220	14944	11393	15097
O00750	15513	13630	12116	12403	16980	19733	18549	11934	12576	15373	16310	19088	14252	21060	25021	14059	9767	11188
Q9NXD2	20746	13245	13711	14320	17433	15474	17503	9572	8827	9741	17292	15878	11700	22666	14691	19736	10950	14021
Q9H8N7	18324	16607	10188	5058	2147	3534	8532	7442	6590	18625	16143	14863	30015	22623	20290	26047	14084	11527
Q8N684	14576	13397	12266	11107	15710	14010	11670	13268	14598	10089	10278	13612	16017	14565	14450	15645	13874	8044
O95425	13222	11361	6493	54260	7217	16310	17061	9233	9775	9409	8592	54062	50590	13811	94792	7086	60540	15108
Q9H694	16186	9868	13352	2197	15859	12877	17121	13600	5283	17055	13407	10766	17164	14151	14166	13934	11650	3907
Q9NYI0	13722	10849	14598	8795	16606	14033	12591	8172	10246	13021	15165	15809	15731	15948	13008	12160	13273	15327
Q14257	22120	9846	13660	13312	9904	13196	6024	8763	9496	16769	15990	13737	11325	18182	16361	13447	7579	14939
Q9GZM8	24066	16374	11609	7831	18509	8991	9068	3422	10959	14247	11457	20994	22421	15720	11760	17280	12763	13427
Q8IY67	12536	13427	11510	8882	13708	14801	11794	14733	12842	11196	15990	12551	13183	13867	12598	14298	15439	8787
Q6PD62	18376	18528	6725	10152	13718	13075	13882	12546	11415	12331	7806	13669	12864	18359	14271	11814	12632	13741
Q3B726	15598	9840	10473	16326	19496	13440	12285	11217	9574	15321	14272	11615	18363	14069	14896	12283	9654	8329
Q9BTD8	9962	9335	9714	8995	12627	12111	13409	9938	12879	14928	13248	15319	9745	14533	14922	12777	9647	14310
Q99714	16170	9818	7956	16645	18591	15433	11681	6290	9498	11183	7321	10392	14646	12910	17434	14184	9624	19884
Q9Y2H9	15188	6722	7696	22741	14011	13726	13692	6591	8513	17225	11381	10373	7065	12517	20096	10027	7311	13953
P62979	14665	10820	7937	11261	19916	18446	14192	11424	15657	9010	7413	13109	5487	12142	19169	11046	9104	14632
O15446	7576	12345	11054	6830	16191	13038	20427	12271	16384	5457	13305	12225	7841	13692	11293	6795	10013	10405
O75909	16898	11225	8876	8163	10131	13634	11748	6185	11189	11832	11670	9524	12332	12488	12068	15430	1685	11796
P48730	9447	12924	7946	15526	17315	12269	9046	9648	8617	7894	14047	6171	11849	22859	15119	11549	12232	9172
O15460	4752	13010	9664	10624	9959	13941	14461	10285	12074	17967	11004	9688	14591	15194	16366	11199	14050	10301
Q8ND83	11448	8071	7081	20846	17672	9960	10369	7223	11783	15636	7105	12326	26384	12617	16689	16212	9055	10398
O75147	11474	12064	6540	11045	15435	16400	14743	9192	11442	11548	11298	12349	10507	11637	11228	10265	5391	12225
O14523	15919	12349	10087	11587	11902	14379	15371	10123	10721	12659	9973	10690	12243	9308	11061	10993	13181	9948
Q9BZF1	31110	18038	9412	10896	9418	12142	11591	7946	9616	12090	12516	15557	9713	40712	12965	10615	7545	8890
Q13555	12121	8565	10428	14054	17369	17126	13003	7434	9504	11821	12130	13173	5700	8782	18560	4498	6550	9215
O14617	13570	4744	9226	6839	12724	11969	14099	11052	9002	10852	10408	10819	16470	13645	15980	17981	7732	11105
Q86VM9	11869	9984	9205	10262	7751	15761	12364	10629	12367	9811	10993	15905	10326	14327	13457	7346	12004	9834
Q13112	11459	7127	8514	10080	11915	14152	10125	8481	11262	11108	11958	14738	9471	11166	13996	10487	8586	10257
Q2M3G4	14621	9125	10693	10555	12207	10371	13215	10866	10051	14022	13099	10698	10243	13272	10788	12502	9426	9017
Q13946	10719	6783	7754	10138	7679	11984	12288	5609	10520	9324	8076	9973	12330	12234	13190	12931	9045	10347
Q5VUB5	19353	9421	6962	20439	12156	10531	15220	9381	9159	7147	8288	5957	12663	10202	8268	20511	11229	7382
P00387	9491	8501	7812	8943	13751	10238	12128	5235	8307	11534	6944	7346	14413	11352	12632	15139	8760	7667
Q27J81	11943	8568	7237	9662	9280	10173	7147	6346	7004	8745	9132	9352	10246	11343	8084	10789	6772	6954
P00519	9640	9481	9337	6815	9608	8353	10803	7666	8762	9066	9371	7802	6227	7888	9192	14280	6419	5787
Q07352	11339	11046	6285	7019	7724	8000	9382	5509	8849	8106	5057	8965	9803	11389	8635	14064	9496	15115
Q96II8	7314	8538	6918	10859	9406	9349	10005	6367	6998	4326	9083	9716	10774	8126	40270	12622	5910	5222
P53350	8272	7041	6460	9006	7072	6326	7807	6532	6818	11238	10626	8641	18294	13389	11638	17958	11276	8800
Q6GYQ0	17683	9664	11799	7935	8619	10588	5323	4389	8690	17148	8936	7612	5788	12593	11935	4898	6346	4209
O60346	9708	9171	4185	15031	6629	12788	12315	3678	8416	6405	11508	2569	7411	11571	8725	2035	9747	8540
Q86UR5	10607	5658	6969	12455	11903	8823	7940	6206	8070	9655	6630	8974	8526	8698	7607	12176	7165	8983
O94921	6344	6575	3240	7290	11526	15428	5876	7511	13799	10826	7548	10269	11827	8912	9744	9116	3560	8235
Q9H2D6	10368	8169	4351	9472	11494	14334	8055	4570	9144	7076	4173	8501	11253	9728	6700	10566	7690	6290
Q5HYK7	12952	8776	7223	10268	13031	7722	9046	6272	6495	7711	6933	7023	6104	9868	9975	8986	5890	8550
Q92569	10080	6322	5776	6565	5081	8358	4600	4449	6374	8150	8785	7673	10701	11238	15688	10595	7667	9977
P30304	7965	7413	7061	8439	11043	6857	8905	6607	7335	9694	7689	8010	7445	8262	9226	7312	7602	8379
Q9ULL1	8495	5454	7467	8098	14674	11271	7722	5144	5228	7932	4299	8860	2429	11257	2265	15176	2968	9142
Q7Z6J0	9422	7809	6378	10189	4177	4911	5160	3803	3915	9398	7649	7217	11665	13781	12557	11228	6170	8805
Q13496	9875	5878	6154	8439	7919	10571	7170	3848	6146	7363	8992	8871	5540	6676	8190	11724	4177	4769
Q53SF7	6989	6127	4228	7089	9180	7824	7737	5484	6799	8738	9145	7661	7255	7462	9541	5498	5917	6419
Q86YF9	7958	8269	5400	10066	11436	8999	8494	6175	5691	8003	7249	6793	9355	7002	6907	4467	5298	6747
O14924	10259	5061	4219	7129	7058	7649	7702	4839	4576	9982	6319	7909	5700	8751	33605	6469	4901	6874
Q8IZD4	9141	6681	5244	5458	3719	2589	3834	4028	5452	9821	8472	6821	8366	14314	17695	11005	6272	7091
Q96JN8	11943	5063	6932	10872	11326	12125	1702	4888	7438	6732	5759	6833	795	6730	6624	5852	4310	7184
O00305	9410	7337	5836	8587	8674	8890	8954	5122	8420	7041	5524	5187	1081	5400	6225	3524	5088	7387
Q96HP0	10722	5217	6327	8784	6826	9241	6045	5642	5953	8461	6467	9511	5136	7796	8235	5520	3495	6166
Q9NSD5	4907	3865	4943	4263	3538	5322	4733	3471	7131	7783	6482	6141	8246	6904	7886	9549	6999	6913
Q15058	6264	5972	6103	5520	7360	5867	6267	7075	6638	7083	7860	6241	5305	6923	6489	5150	6414	6007
Q96HR8	38226	4721	6211	4026	9523	7030	3197	6872	3014	4590	4836	11388	13149	8843	5643	15742	4408	5926
Q5JSZ5	6002	4012	6691	7356	6725	5166	4381	6624	4688	6163	7142	5072	18335	5333	5377	4754	9138	6054
P28288	5653	4457	5950	5230	6837	6199	6179	2949	4098	8115	9311	8058	7076	4740	6067	5272	3577	4740
Q01850	8829	4966	4006	5072	3780	7117	8561	5720	4911	8947	3260	3737	12679	5724	7444	9262	6067	3357
P08195	5278	4823	5556	7254	4807	8121	5655	4750	4025	5995	6544	8913	5646	6609	8393	4963	5042	5206
Q9Y6J9	6009	6537	3770	8186	4873	3529	5613	4470	7045	5550	5304	3687	3095	9909	6165	9160	5905	5051
Q96TA2	5382	5547	4766	6126	5191	4828	5835	5412	3729	5838	5003	5505	6606	6381	5293	5781	4287	4514
O14735	7996	3657	5720	8256	3765	6201	3433	1073	4966	10112	4933	5046	5334	7520	7131	8323	3864	4769
O15211	5360	4311	3870	4793	5236	6287	5984	2832	4677	6553	5873	7431	5260	5724	5098	4833	2928	4759
Q99640	5556	4059	3349	4409	5747	7649	6447	3537	5112	7224	5196	6516	5062	5088	5991	4252	2973	3501
Q00536	6087	3601	4223	4263	4618	8690	5691	3166	4896	7575	5520	5303	5484	6466	7708	4700	4282	4732
O15075	8478	4964	5496	5534	8661	7421	3741	4512	4627	6634	3735	4998	4585	6078	4604	8451	5092	4685
Q8N3C7	4158	6287	5172	5147	4852	4668	6434	2852	1750	3165	4928	6191	5507	5338	9671	4282	2913	4511
Q9NRR4	4815	6121	681	5093	6393	5081	3661	3477	1983	6016	1808	4729	4046	6838	5840	4913	3126	3710
Q96P70	5416	4321	4765	3933	4796	4221	3075	3581	1928	6306	5294	4813	3769	4714	6312	3373	3416	5937
Q8NDZ2	5945	3473	2614	2433	4167	2835	1793	2833	2736	5711	5065	4708	5876	5418	4613	6667	2724	5394
Q9BYI3	5422	4515	3045	4588	4523	4870	4071	2216	4000	4784	2803	4082	2881	3558	6067	5928	2576	4924
Q8WUW1	4565	2383	3769	5090	4338	6083	4884	3120	4220	4845	5322	3884	3916	6884	4571	3657	3143	3330
Q14693	7750	2261	2414	1752	2714	4158	3901	935	2883	4228	3956	5009	4358	6832	6886	5096	4122	7093
Q6SJ93	5247	3049	3419	1522	2918	1644	2695	1035	2507	5786	4213	6149	13550	5924	13227	4580	3482	4559
Q9P278	7647	3424	2596	4685	5999	2682	3127	3975	3678	5446	5349	4259	4451	5376	2350	2599	2094	2857
Q9H8H0	3712	2736	3447	483	4384	5966	3619	2491	2813	5457	3985	6065	2933	5673	6212	766	2550	4785
Q8NCA5	5528	3513	2751	4835	4725	3053	4944	2925	2518	4452	3816	3240	6465	4419	3232	5052	2650	2092
Q969J3	3475	1919	2535	5105	4297	4659	3597	1861	4820	3730	2328	1939	4419	3202	3552	3829	3185	2180
Q9NZ01	6633	3087	4797	3226	3105	5706	2944	1939	3173	4817	4583	4350	3248	4031	4649	2803	1988	3150
Q8IY17	5299	2609	1339	2812	5161	1530	5763	1200	3129	2459	1456	1849	4406	3784	3182	3867	3195	3273
Q7Z6B7	1625	1536	2194	2178	4139	3819	3715	2617	3172	3065	3225	3709	2149	3688	2924	3640	2213	3771
Q8WXG6	4881	1990	2456	2891	3197	3910	2806	1897	3003	4598	2545	2987	3408	4423	4707	3393	2839	3837
Q9BXW9	3057	3754	3421	2692	2395	4257	3469	2215	2967	3118	2112	2430	3297	4667	4865	3635	2841	2095
Q69YN4	3921	2106	3848	2748	3372	4779	2140	1941	3695	3637	2930	3042	1478	3423	3980	2430	1430	3025
Q9UPY6	2710	1388	2357	2116	5304	3322	4519	3740	3442	3054	3454	2517	2913	2833	3085	3666	2065	1964
Q96D09	3950	2284	2178	3032	3042	2936	4339	2257	2057	2129	2274	3015	3062	4769	2176	3593	1386	3442
Q15942	3037	2845	2022	1149	4156	2917	3878	2290	3011	3634	2565	2544	4707	2706	2998	1210	3855	2671
Q9NP71	3425	1875	2253	1102	2901	2731	6544	4250	5636	1765	876	2287	2817	2822	3597	6186	2231	1608
Q9BWF3	3585	1960	1319	3439	3690	2533	2765	2482	2725	1991	2080	3188	2681	3420	2823	3933	2210	613
Q8TC76	3028	2395	1026	5628	3755	2971	2994	1658	2074	2649	1603	2228	2994	2976	3869	2257	2746	2298
O94887	3934	2274	2428	2700	3413	4211	3289	2599	2614	2383	3072	3340	2131	3639	4016	2157	2163	2672
Q8NFC6	3465	2445	1411	1906	2500	2171	2982	4007	2011	3645	4215	5594	2677	5039	1242	2641	3215	1512
Q9BWT7	3767	1926	1927	2372	2561	3733	2696	2072	1736	4870	2183	3320	3826	3394	4678	3637	959	1883
Q9UNH5	4680	3288	2225	3971	4104	4507	3293	3166	3004	960	1896	2405	1110	1715	1371	2269	2467	2779
Q5M775	4776	2591	1869	3984	6619	4126	3217	1799	2362	2392	2494	3246	1789	2774	3565	1875	917	2025
Q96NU1	3536	2315	2063	80	2628	3221	2643	2491	3302	2321	1527	2050	3088	3325	3982	2479	2354	1670
A7MCY6	2562	1868	1793	1881	2895	2186	2274	1396	1702	2607	1620	2488	2999	4652	4914	4682	2443	2900
Q13613	2824	2198	1758	3052	2803	1717	2971	1474	1752	2693	2123	2534	4287	2546	3225	1783	1675	2383
Q5T8P6	2264	3678	3365	3251	2403	1955	2859	1922	1568	3593	1676	2107	3887	2340	5229	1892	1565	1683
Q15043	3096	1672	2627	2207	2188	2747	2010	1142	1779	2225	2249	2932	1907	2607	3771	1529	1289	2451
Q52LJ0	499	2109	1693	1896	4423	3739	946	671	1354	1457	1674	2880	2291	2443	2830	3142	2955	2839
Q96PV0	2634	1463	2145	2057	2059	2253	2313	1519	1924	2738	2144	2652	1706	2331	2164	2620	1111	2281
Q8WY22	2140	1950	1528	1788	3044	4064	2081	1407	2258	1981	1587	2540	2147	2322	2973	2550	1740	2053
Q14677	2281	1302	1369	1926	2696	1453	1739	2444	1664	2899	1066	2032	3534	2282	1571	3105	1915	1349
P36507	2764	1741	1674	2031	2050	2030	1829	1277	2253	1875	1903	2432	1560	2655	3011	1762	1532	1332
Q5EBL8	874	1557	2067	241	431	2653	2389	1069	1647	2066	1671	2466	3112	1985	1468	1877	525	2207
Q9Y4G8	2791	1372	2624	1680	2025	2557	1744	1348	1354	1235	1527	2246	770	1700	1854	879	903	1544
Q15843	2634	1426	1722	2025	2736	1144	1632	1719	721	1262	1380	1228	2497	1147	1551	2600	1900	984
O60828	2200	1386	1033	1310	745	2034	1498	1431	1755	1973	2203	2282	1596	1254	1525	2179	1139	1704
Q7LBC6	1814	1454	1620	1844	2100	1457	1491	1291	2076	1498	1109	1468	362	1926	3276	2100	1470	1039
Q92643	1402	1361	902	1637	982	2629	1649	547	1153	1949	1387	1388	1268	1819	2184	772	1106	1182
Q13432	3010	589	566	717	3944	1498	1304	545	1016	1310	952	1307	1500	2050	1838	1347	1489	2054
Q969H0	2560	1479	1422	1026	652	1694	595	180	1444	2014	1321	2394	607	2628	679	824	606	1288
Q9NX24	1221	1268	291	1132	1329	991	1180	1047	734	1138	1207	961	1739	979	1224	1350	853	613
Q9UPX8	2191	1010	392	1709	2068	1103	2259	804	556	730	1110	1173	1013	1077	1040	1711	1118	837
Q13322	1972	1320	1131	593	372	1304	951	152	1001	1335	905	1146	2016	1512	2282	939	822	1021
Q9BXF6	996	1893	942	1844	2241	964	1199	1302	1196	1140	746	1039	605	50	745	800	685	1251
Q9H6K5	1448	829	900	1265	1286	1594	990	768	922	818	1044	1266	513	1001	1359	985	392	1095
Q92565	1645	1201	384	665	596	745	575	882	475	1214	780	2639	1476	1376	2780	859	403	481
Q68DN6	760	602	444	462	842	943	821	677	770	584	647	748	417	876	1077	556	819	555
O43148	1357	394	392	465	604	666	443	333	323	889	1325	476	341	545	655	532	201	170
