Protein	T1.A.	T1.B.	T1.C.	T2.A.	T2.B.	T2.C.	T3.A.	T3.B.	T3.C.	T4.A.	T4.B.	T4.C.	T5.A.	T5.B.	T5.C.	T6.A.	T6.B.	T6.C.
A0JNW5	9.0954	8.82972	8.66178	10.1923	10.5774	9.67948	9.15987	8.15482	9.03342	8.58871	8.93074	8.80413	8.50779	8.90388	9.40939	7.41785	8.19476	8.73132
A2RUS2	9.81057	8.61471	10.0954	8.82018	8.58871	9.62753	8.37938	8.65105	9.1472	10.2621	10.1344	10.2216	9.22159	10.0084	10.0126	8.94251	8.37069	9.87652
A5YKK6	8.3837	7.13955	7.40939	4.32193	7.40939	7.96578	7.40939	4.90689	7.64386	8.33539	8.03342	8.5812	7.12928	7.24793	7.96578	7.49985	6.78136	8.32643
A6ND36	15.561	14.7594	14.8755	15.8638	15.5888	15.2657	14.7956	14.4029	14.8127	15.5399	14.9782	15.3904	15.7731	15.3742	15.6808	15.0998	15.015	15.675
A7KAX9	9.51373	9.86109	9.19476	9.9542	10.3072	8.18982	10.2095	9.73132	9.60733	9.9571	9.44087	9.5157	7.42626	8.66178	10.1344	7.49985	9.66534	8.14975
A7MCY6	10.0224	9.30606	9.72281	9.55842	10.0688	9.98442	9.74147	9.13186	9.3015	9.96434	9.20457	9.87498	10.0056	10.4512	10.5353	10.6883	9.75489	9.84392
B2RTY4	10.0914	9.01681	8.73809	5.32193	9.47371	9.00562	9.07146	8.70044	9.17742	8.81057	8.59991	8.14975	7.85798	9.45533	9.57743	8.7039	8.13443	5.90689
O00257	9.85331	9.52356	9.41574	8.45943	7.32193	8.69	8.9542	9.26444	8.58496	9.58684	9.3015	9.20212	9.1267	9.79116	8.20457	9.70044	9.1472	8.81057
O00305	10.0728	10.1712	9.91588	9.8857	10.3015	9.89785	10.2503	9.76155	9.82496	9.98442	9.77479	9.79442	8.10329	9.73809	10.1923	8.93369	9.93074	10.0512
O00443	10.5421	9.85798	9.17742	10.2408	10.2668	10.1447	10.567	9.41151	9.9629	10.1948	10.3343	10.3805	10.0042	10.098	10.236	10.3476	10.2935	10.1824
O00459	10.4686	9.80252	9.81057	9.77972	10.4157	10.4041	10.2252	9.81858	10.4798	10.7465	10.0607	10.7108	10.9418	10.4818	10.6421	10.7091	9.90989	8.03342
O00571	12.2148	10.9929	12.3725	11.9166	11.7215	11.8116	11.7797	11.7657	11.6149	12.1121	11.3953	12.4901	11.9967	12.4846	12.3841	10.6284	12.2828	12.2035
O00750	9.63481	9.37287	9.3015	9.29692	9.3015	9.38802	9.41363	9.04985	8.25267	9.25974	9.32643	9.04166	8.99718	8.39232	9.01959	6.65821	8.66178	9.58871
O14559	10.8933	10.6298	10.1649	10.1163	10.5479	10.1624	11.2894	10.3264	8.65105	10.4589	10.346	10.2485	11.6316	12.2572	11.9696	10.5939	9.94031	11.816
O14639	15.8961	15.433	15.1882	15.9007	15.9993	15.8379	15.8746	15.1938	15.466	15.5264	15.2653	15.4808	15.6927	15.7314	15.6376	15.8465	15.66	15.2562
O14654	15.2815	14.5642	14.2443	14.8187	14.7436	14.6014	15.27	14.4069	14.5886	15.224	14.8659	14.8371	15.0755	14.9802	14.7881	15.244	14.484	14.7631
O14757	10.374	9.57932	9.19967	10.2992	9.98014	11.0382	10.3923	9.49985	10.2082	10.23	9.65105	10.1561	9.51373	9.10852	9.74147	9.90238	8.62936	9.33316
O14802	8.62571	3.32193	8.42206	7.33092	8.18488	9.38586	7.5157	8.37504	8.39232	8.6865	7.71425	9.2738	7.2384	8.54303	8.13955	7.79442	7.12928	8.14975
O14924	10.4147	9.60733	9.95128	10.2033	10.3253	10.7805	10.1948	9.89633	10.3565	10.66	10.4357	10.7985	10.0307	10.5584	11.2509	10.1007	9.98584	10.1561
O14974	8.90087	8.19967	7.91886	6.33985	9.67243	5.67243	8.82972	7.79442	8.19967	8.55842	8.02791	4.90689	8.96	9.49386	10.007	8.93369	8.47168	9.2503
O15021	8.47978	8.53916	8.94837	9.16993	10.4808	8.99152	7.85798	8.81698	9.01959	9.09276	9.26444	9.06878	8.09276	9.29462	8.92778	7.65105	8.02791	9.17493
O15027	12.4628	11.8238	10.4367	11.3597	12.6528	11.8305	12.5899	12.25	11.9855	12.6744	12.366	12.2183	11.3476	11.7043	11.1228	11.1548	9.88264	11.3482
O15049	12.6735	12.883	12.7928	12.5189	13.6898	13.0037	12.8803	13.0836	13.051	13.2004	12.5584	13.1591	12.9473	13.5765	13.5817	12.815	12.8825	13.2922
O15056	9.47776	8.43463	10.0553	7.22882	10.7022	10.6064	9.49185	10.3554	10.3253	9.82018	10.2167	10.4136	11.0014	10.0875	10.4898	13.3299	12.3691	9.14466
O15063	12.1599	11.4257	10.6627	11.6537	11.3987	10.8345	11.275	10.7082	11.5878	10.2574	10.242	10.5793	11.7457	11.3044	11.6198	12.3151	11.8158	12.1855
O15075	8.85798	7.7879	8.65105	8.61471	8.91886	8.82018	8.19476	7.71425	7.8009	8.53528	7.72792	8.50383	8.09276	8.50383	8.72451	9.25739	8.69	8.37069
O15160	4.32193	7.64386	9.83447	10.4707	9.57175	8.59619	9.51175	10.1712	9.94251	10.5803	10.2644	10.0928	7.40939	7.32193	10.0539	10.1383	9.94691	9.69523
O15260	13.662	12.151	12.545	14.1137	12.6941	12.255	12.2201	12.1167	12.8325	14.2175	12.5955	13.5141	12.1944	12.6931	12.6092	13.3382	11.8646	13.2868
O15294	11.93	11.2366	10.825	11.2969	10.8811	12.0102	11.2282	10.1662	11.4702	11.3783	11.1687	11.9359	11.286	11.381	11.7661	11.381	11.0492	11.4491
O15460	9.63662	9.88874	8.46352	7.65821	8.59619	7.94251	10.5068	10.1624	9.39232	9.82496	8.83605	8.19476	10.2324	10.6724	10.783	10.5187	10.1923	7.8009
O43155	13.1654	12.5031	12.1815	13.0549	12.5409	12.2237	12.3465	11.5231	12.2006	12.7638	12.5767	12.3166	12.2294	12.4898	12.6089	12.4798	12.4284	12.6209
O43166	12.431	11.796	11.5873	10.3197	12.9009	12.7279	12.7588	11.9823	12.3995	12.6159	12.4406	12.7609	12.3166	12.2012	13.0362	12.0529	11.7814	12.537
O43303	11.8887	10.7004	10.1344	11.8533	10.6821	10.3219	10.3542	9.79279	9.99718	10.7271	10.7004	10.6036	9.43463	7.24793	10.6055	9.79279	10.014	9.94691
O43314	9.0634	8.47168	7.64386	7.41785	7.40939	7.41785	8.46761	7.91886	7.71425	8.59246	8.24793	7.97728	8.97728	8.39232	9.76487	8.83605	8.33092	8.65464
O43379	11.8009	10.2288	11.137	9.76984	9.88722	10.6733	8.47573	9.1472	9.98157	11.4025	11.1215	11.0908	11.4722	11.8738	12.2456	11.7883	10.3934	11.4656
O43491	8.13443	8.18982	7.49185	8.45121	7.65105	8.33092	5.90689	6.78136	6.12928	8.97441	8.68299	8.17991	6.14975	8.29002	7.85175	8.68299	7.02237	7.85175
O43524	13.6001	12.7147	12.6904	11.7956	11.1196	11.1472	12.0485	12.2521	12.3292	13.3691	13.0755	13.4959	12.8657	13.084	13.3031	13.0232	12.8357	12.9469
O43822	14.0357	13.8216	13.8694	14.7993	13.8443	13.8193	14.1618	13.3547	13.5043	14.4818	13.6163	13.6599	14.8553	14.0096	14.2689	14.9185	14.5625	13.7
O43896	10.9894	11.7078	10.2095	10.8392	9.86109	9.92184	10.7557	11.1517	10.6138	10.6874	11.2003	9.47776	12.3729	9.99577	8.90388	12.688	9.74315	9.85953
O60282	8.86109	8.25267	8.03342	8.2854	7.91886	7.7211	8.80413	8.03342	8.42626	8.03892	8.41785	7.98868	9.46557	8.42626	9.51175	8.69	8.58496	8.78463
O60292	10.1687	8.51964	9.15735	8.79766	9.32867	8.53916	9.88874	8.83605	9.57743	9.9542	9.15482	9.44915	10.3912	10.2574	10.4848	10.1561	9.59619	10.0348
O60307	12.3556	11.6138	11.4325	12.5462	12.674	12.1	12.0553	11.444	11.5599	12.375	11.4823	11.8576	11.5177	11.7863	12.2161	11.5201	11.5187	11.9751
O60333	13.7616	10.9549	13.8101	13.5311	13.3068	12.925	10.4888	8.5812	13.2029	13.6148	13.1558	13.5153	13.0464	13.8848	13.6165	13.7984	13.6916	14.0222
O60336	10.363	9.86109	10.196	9.88264	9.53722	10.5411	9.33316	8.6865	9.77808	10.5177	9.99859	9.57365	8.91886	10.5255	9.49785	9.40514	10.0251	6.79442
O60343	11.8742	10.098	10.098	7.03342	8.64746	8.75154	10.1447	8.41363	9.96145	10.6384	10.7624	10.9189	10.6073	11.1124	11.3663	11.0761	9.90539	6.12928
O60346	9.90989	9.46148	9.24079	9.86882	9.49185	10.2515	9.80735	8.85175	9.66178	9.89026	9.66178	9.68299	9.60363	9.81538	9.64024	9.19476	7.7211	9.78136
O60573	13.2555	12.9617	12.3978	13.7111	13.4546	13.1473	13.1455	12.3174	12.8452	14.2069	13.4935	13.6596	13.2832	13.4074	13.8703	13.187	13.0345	13.1398
O60825	13.2178	13.0314	12.6616	10.5068	10.9816	11.2715	11.956	11.4558	12.0529	12.9456	12.8901	13.0826	13.7972	13.8725	13.709	13.9728	13.2029	12.7609
O60828	8.96867	9.00562	7.78136	8.53916	7.49185	9.05799	8.02237	8.75154	8.45121	9.24317	9.03342	9.49785	8.03342	8.02791	8.81698	9.40088	8.78463	8.28077
O60884	13.5387	12.9211	12.4344	12.874	13.4406	12.4702	13.3364	12.5941	12.7078	12.8088	12.5639	12.5821	13.2383	12.8025	13.2021	13.1018	13.0802	12.8984
O60885	13.5321	13.2639	12.8813	13.0078	13.1568	13.1709	12.3788	11.5658	13.0167	12.6287	12.8858	13.3349	12.8929	12.8905	8.51373	13.0065	13.1505	12.4255
O75037	8.5157	8.24317	8.33539	9.09803	9.06609	8.3443	9.04985	9.11894	8.98299	9.75322	6.14975	8.90989	10.4019	9.31515	9.79116	9.8009	9.56605	9.38154
O75044	15.78	14.8873	14.8307	15.5697	15.5337	15.5239	14.9732	14.5075	15.1926	16.0177	15.0504	15.4285	15.4583	15.8375	15.8325	15.4476	15.0446	15.4327
O75064	9.50978	9.90689	9.67419	9.71939	9.62205	9.36194	9.94691	9.29002	9.2384	9.99152	9.75989	9.42836	9.2503	9.56986	9.96578	9.53138	8.61839	9.98868
O75122	15.3677	16.9864	16.6007	15.2925	15.8676	15.76	16.2196	15.8802	15.5395	15.9926	16.6966	17.3598	14.9006	15.7391	15.5715	14.8254	16.7723	15.5717
O75140	12.1402	11.0112	10.4051	11.752	6.64386	9.07414	10.9751	9.9901	8.96	11.4341	9.03892	9.29692	11.3004	9.53528	10.5622	11.3961	11.1917	11.1427
O75143	10.4512	8.96578	9.43045	8.59246	10.5167	10.1687	7.98868	8.55842	8.70736	8.633	10.062	9.78953	8.7039	9.89936	10.0098	11.9099	8.73809	10.2866
O75147	9.57932	9.04985	8.57743	9.62571	9.75489	10.1383	8.42206	8.82337	9.15228	9.45121	9.29002	9.66178	9.38802	9.0607	9.3443	9.31515	8.37504	9.21675
O75167	10.3783	9.61287	9.64746	9.24555	9.19229	7.73471	9.70217	8.92778	10.137	9.57932	9.1267	9.49185	9.41151	9.29002	9.69174	9.90087	9.62571	9.36851
O75175	8.79442	7.91886	7.33092	7.58496	8.46761	8.33539	8.30378	7.58496	8.66178	8.79116	8.91886	7.73471	9.2503	8.93074	9.36194	9.95855	7.97154	9.32193
O75385	10.5088	9.57175	9.73471	9.46761	10.1523	11.0741	9.86882	8.8392	8.77479	10.6582	9.70908	10.1189	10.0498	10.0042	10.445	9.8857	9.36413	10.7764
O75390	13.1053	12.5022	11.9451	13.0215	13.6141	8.99577	13.1343	11.6841	12.9719	12.7232	12.6382	7.77149	14.2372	13.0308	13.9782	13.7247	14.2338	12.7829
O75420	11.4073	9.90989	10.5962	8.76155	10.7194	11.4522	10.8057	9.77149	10.9054	11.8872	11.7309	12.0924	9.84706	10.3264	11.5575	9.33762	9.47978	11.1079
O75494	12.6996	12.2494	12.2597	13.4435	12.4919	12.5908	12.4742	12.8437	12.6481	13.0624	12.2324	12.4551	12.4853	12.8368	12.656	12.6566	11.9801	12.7104
O75592	13.1584	12.3624	12.3238	11.5223	11.8886	11.3421	11.5796	11.0914	12.5732	13.1018	12.5787	12.6899	12.9122	13.2093	13.3233	13.07	12.9393	13.0379
O75909	12.2835	11.6935	11.3813	11.1225	11.6937	11.9989	12.0128	10.5191	11.6506	11.3805	11.7071	11.7526	11.8584	11.7887	11.8033	11.8414	7.22882	11.674
O94827	9.80574	9.73302	9.68825	10.255	10.2143	10.2656	9.67066	9.46964	9.53138	10.1536	9.96578	10.3476	9.63118	9.91737	10.6795	9.77314	9.34207	10.1421
O94854	11.1222	10.5255	10.6366	11.6402	10.8642	11.0028	11.0694	10.6821	10.4848	10.6284	10.4747	10.5981	10.3072	10.7254	10.4979	10.363	10.5362	10.42
O94875	10.1948	10.5362	11.098	11.1485	11.1904	11.3106	10.7665	10.8194	10.7465	11.1157	10.3443	11.3939	10.314	10.8742	11.5641	10.388	10.6944	10.749
O94885	11.6519	8.43463	7.24793	11.7715	11.9809	11.6904	10.0362	8.04439	9.86109	8.42206	7.74147	11.9024	8.18982	11.7969	12.0715	11.8082	11.7599	12.2955
O94906	9.2503	10.0126	8.24317	9.81698	9.43671	10.255	9.87036	9.29462	9.88417	13.7827	9.35975	9.59246	9.47776	10.2009	10.2761	10.0607	9.45121	9.56605
O94915	11.4273	10.9658	10.8025	11.5127	11.0056	11.0375	11.0895	10.4605	10.9773	11.1737	11.1007	11.2503	11.3559	11.5358	11.2709	11.0782	10.983	11.23
O94921	10.9855	10.3348	6.12928	10.7215	11.3958	11.9485	10.7215	10.8929	8.60177	11.688	10.9726	11.5913	11.6246	10.7211	11.6602	11.2886	8.08215	11.4312
O94964	10.5372	9.57365	9.7211	10.7134	10.3542	10.6591	10.1636	9.1472	10.3912	10.3242	9.95128	10.1923	10.3597	10.2969	11.245	10.4273	9.51175	10.5343
O94988	9.42206	8.22882	7.58496	6.65821	8.09803	6.64386	7.7879	8.28077	6.78136	8.62205	8.03342	8.58496	9.00282	8.13443	8.18488	7.97728	8.37069	8.07682
O95071	6.65821	9.5411	8.62205	9.24793	9.69349	9.30834	8.62571	7.02237	7.98868	9.21432	7.42626	9.09011	7.50779	8.59991	9.76487	7.73471	9.29462	7.79442
O95208	11.2204	10.9665	10.6073	10.6724	11.5343	11.2986	11.1286	10.7389	11.0708	10.7912	10.69	10.7245	11.2149	11.9769	11.1485	11.5746	11.0895	10.9484
O95248	10.4778	5.90689	10.1228	8.74819	7.7211	10.29	9.64386	8.10852	9.94544	8.2384	8.18982	10.3587	7.91289	9.24317	8.12928	8.17991	8.53528	7.57743
O95292	9.15987	11.3993	11.0668	11.914	10.9901	11.5901	7.33092	11.3515	11.4676	8.34873	6.12928	11.4707	12.4843	10.4409	10.8887	7.05528	11.7347	10.1972
O95382	10.7228	9.97154	10.1085	10.8273	11.0098	10.3174	10.6777	10.2796	10.1472	10.6952	10.2046	9.97871	10.9944	10.8471	11.1655	10.5411	10.1215	10.6662
O95425	9.77149	9.61471	8.55459	7.04439	9.07682	10.9901	10.1561	9.66711	9.68825	9.52943	9.87191	9.07414	8.53528	9.32643	11.2095	8.15987	8.51964	9.75489
O95490	8.08215	7.50779	7.50779	7.49985	6.49185	8.13443	7.49985	7.91289	6.12928	4.90689	6.78136	6.90689	10.4062	8.58871	8.65464	9.90839	8.18982	7.85175
O95544	13.0206	12.5658	12.475	12.2225	12.7956	12.3306	12.8098	12.0838	12.4365	12.8876	12.7781	12.2636	12.0324	12.2414	12.9205	11.8646	12.2192	11.6184
O95602	11.9784	12.0406	11.7168	12.4553	12.4284	11.7595	12.1328	12.0067	11.8078	12.3764	12.1456	12.0502	12.399	12.204	12.0192	12.2497	12.2491	11.883
O95685	5.64386	6.65821	6.49185	6.64386	5.90689	5.90689	5.90689	3.32193	6.12928	7.84549	7.7879	4.32193	7.33092	8.37504	7.71425	7.33092	6.90689	4.90689
O95714	10.2324	8.69697	8.88874	7.91886	9.62205	9.8933	7.85175	7.13955	9.42626	9.67948	8.25739	9.40727	9.06878	9.17742	9.0954	8.47168	8.10852	8.43045
O95835	7.97154	9.47776	8.8392	13.2915	9.32193	8.14466	9.22641	8.92184	8.55459	9.45327	8.78136	9.79928	8.46352	9.80735	10.1599	10.0334	9.10591	9.5812
O95886	11.2479	10.9571	11.0355	11.7074	11.8021	11.5152	11.8757	11.1517	11.1636	11.2814	11.6591	11.3658	10.8788	11.3707	11.7453	11.1824	11.1843	11.1254
O96013	12.7884	12.8155	12.6159	13.0074	13.7292	13.5134	13.1627	12.9236	13.4081	13.3604	13.0989	12.6058	13.8072	13.2269	13.232	14.0179	13.3267	12.8692
P00387	4.90689	6.64386	4.90689	6.64386	5.64386	7.02237	5.32193	3.32193	5.32193	6.78136	6.49185	7.12928	6.12928	5.90689	4.32193	7.12928	4.32193	4.32193
P00519	7.24793	7.02237	7.25739	8.82337	8.04439	9.03067	7.74147	6.32193	6.93074	8.29462	7.49185	8.97441	9.29002	7.98868	9.88111	8.82018	8.88264	7.93074
P04049	14.1364	13.7033	13.2879	13.4858	13.8547	13.617	13.8203	13.2569	13.6415	13.9183	13.5561	13.6628	13.67	13.8789	13.5536	13.9416	13.4822	13.5386
P04181	10.7969	10.5008	10.2527	11.576	10.7582	11.1517	10.7674	10.5187	10.6284	10.7185	10.9694	10.9866	11.1383	10.6627	10.6092	10.3476	9.99152	10.3934
P05783	9.12153	7.65821	8.41785	6.64386	7.32193	9.04166	8.82337	7.02237	8.08215	9.40939	7.12928	8.93958	7.02237	7.71425	8.53916	5.90689	5.93074	7.56986
P05787	14.0714	13.9645	13.7725	14.6962	14.4221	13.7217	14.4042	13.6801	13.7523	13.9375	13.5793	13.6989	13.3081	13.5956	13.635	13.4607	13.597	13.2392
P07237	10.4533	10.1072	10.2324	10.3902	10.3761	10.2324	9.86728	10.043	9.93958	9.94398	10.0512	10.1523	10.5906	9.88722	10.5784	10.5746	11.1948	9.24317
P08069	9.25739	9.13443	9.20701	8.82655	9.72792	9.99718	9.79279	9.33092	9.30606	10.2264	9.56033	9.25974	9.90539	10.6055	11.0788	10.944	10.9322	11.0028
P08727	10.2656	10.0362	10.4574	4.32193	5.64386	4.90689	10.218	10.332	10.2046	6.49185	10.2773	6.49185	6.78136	5.64386	9.92035	5.32193	9.08746	9.43879
P0C2W1	8.29002	7.12928	8.2854	4.32193	6.32193	6.14975	6.12928	5.90689	8.13443	9.37504	8.32643	9.13186	8.96867	7.97154	8.83289	7.12928	6.32193	8.94251
P0C7T5	12.2201	12.5969	11.9418	12.4686	12.341	12.1351	12.4676	12.73	12.5048	13.4134	13.2675	13.1975	12.2814	12.5483	12.5904	11.8178	12.4003	12.3723
P10398	12.8166	12.127	12.3826	10.5746	12.2966	13.101	12.1254	11.7536	12.3493	12.8588	12.2992	12.793	11.5294	12.7237	13.0187	12.1	11.5854	12.5073
P10644	9.72451	10.941	9.01123	9.66356	7.24793	9.85487	10.1098	9.35975	9.40939	9.66356	9.66356	10.3498	9.91588	9.77972	9.78953	9.7879	9.3443	9.49185
P11171	10.6935	10.2877	10.1215	5.90689	10.4094	10.0835	8.46352	8.47573	7.2384	7.13955	10.749	10.2252	9.66534	10.9665	10.1674	7.49985	9.86882	7.12928
P11274	13.7174	13.3034	13.1091	13.4066	13.8523	13.5245	13.6875	13.2752	13.0245	13.6581	13.4132	13.701	13.0102	13.4677	14.0067	12.9602	13.6406	13.9289
P11940	10.4888	9.04439	8.72451	10.7952	10.9549	10.7022	10.8392	9.21675	8.33985	10.4838	8.18982	8.55075	10.8525	10.8727	10.1536	11.1453	10.2396	9.60363
P15056	12.4205	11.3939	11.7842	10.5906	11.1497	12.0928	11.3907	10.567	11.2668	12.2186	11.9163	11.2155	11.0901	11.7177	12.1296	11.5132	10.9425	11.9418
P15822	13.1344	12.7266	12.567	13.0291	12.9394	12.6891	12.0937	12.8784	12.6073	12.6271	11.6834	12.7046	6.12928	12.0937	11.5699	11.8903	12.128	11.9363
P17612	10.014	9.81378	9.33316	9.84078	9.59619	9.75656	9.22882	9.19476	9.55075	10.2408	9.73132	9.95855	10.2958	9.43254	10.0888	9.62571	9.42836	9.19722
P19532	9.32418	10.0471	7.58496	8.14975	10.7134	10.0914	10.8258	9.97298	10.8226	9.67596	9.91737	10.9241	10.4126	10.4757	10.3945	10.2107	9.91737	10.7557
P21359	9.35094	9.23122	9.75656	10.2784	10.242	9.99294	9.17991	8.9571	8.52356	9.23122	8.79442	8.81057	9.19722	9.45327	9.53333	9.47776	9.94251	9.66356
P22681	11.7495	11.2456	11.421	11.6843	12.0583	11.7503	12.2709	11.8262	11.8933	13.2769	12.8128	12.8277	13.6098	12.8663	13.2433	13.3072	11.7241	12.1261
P23508	10.7074	10.0444	9.50978	10.3794	10.4757	11.0293	10.5333	9.98868	9.89936	10.3597	9.82337	10.2527	10.2784	10.6147	11.062	11.0881	10.9121	10.444
P23588	8.79442	9.65284	8.94837	9.56605	9.33985	8.03892	9.00843	9.21432	8.73132	9.05799	8.7879	9.45327	8.47168	9.67948	8.86109	9.34651	9.01123	8.55075
P25054	8.84235	9.6987	8.37938	9.68299	9.26913	8.39232	8.72451	8.2854	8.73132	9.20212	10.4388	8.43045	9.39232	9.34651	8.50779	9.49586	9.62571	8.89178
P26045	9.57743	8.82655	8.45943	7.22882	9.13443	9.35094	9.00282	8.53528	8.82337	9.56415	9.26444	9.61839	8.45533	9.82655	9.65284	7.78136	8.2384	8.29002
P27348	15.7533	14.7902	15.1663	16.0422	15.9187	15.4337	15.5946	15.293	15.0139	15.6701	15.4649	15.1999	15.9271	16.4142	16.0288	16.1908	15.3835	15.7475
P27448	15.0065	14.5959	14.5519	15.1705	15.2617	14.824	15.1152	14.6492	14.6705	14.9437	14.8963	14.9983	14.2851	14.6193	14.8488	14.5846	14.4483	14.801
P27986	7.65105	5.90689	6.49185	3.32193	4.90689	7.91886	7.65105	5.64386	7.32193	8.33539	8.02237	8.32643	8.13955	7.97728	8.42626	7.72792	6.90689	7.98299
P28290	7.90689	7.91289	7.71425	5.32193	8.37504	8.2384	7.02237	7.02237	7.7211	7.7879	7.56986	6.90689	6.78136	7.78136	8.02791	8.13955	7.56986	7.32193
P30291	9.31288	8.57743	8.41363	9.48382	9.06609	8.80413	8.83605	9.06878	9.44501	8.41785	9.11374	8.71768	9.03617	8.64746	9.54496	10.7398	9.04985	8.88874
P30305	9.94544	9.9571	9.27612	9.83447	10.0808	9.49785	9.80735	9.26209	9.03892	9.90539	9.35755	10.1033	9.59059	10.4409	10.7013	10.3365	10.1111	10.3794
P30307	10.983	10.3151	10.2992	11.1555	10.6046	10.9396	10.4346	9.88417	10.1293	11.0888	10.3685	10.5774	10.3718	11.2586	11.6357	10.5878	10.4888	10.7313
P31629	6.65821	6.12928	7.14975	7.14975	7.32193	6.80735	6.50779	6.12928	7.22882	7.57743	7.03342	7.2384	8.23362	7.59246	5.90689	4.32193	5.90689	7.13955
P31946	13.3632	13.1504	13.3358	13.7108	12.5653	13.018	13.2661	13.3884	12.8372	13.5878	13.2306	13.3451	13.0604	11.7818	11.8118	12.7147	13.364	13.0191
P33176	11.8696	11.8846	11.7339	11.9974	12.5387	12.0705	12.26	12.2284	12.2621	11.9699	12.194	12.1407	13.1917	11.1802	11.0924	11.1963	10.9399	11.9821
P35568	11.3202	5.32193	11.1573	11.6493	10.9009	10.6248	11.1033	10.5236	10.4168	11.0808	11.0701	11.2306	10.5068	11.2946	10.2276	10.6239	10.0028	3.32193
P35637	11.4674	11.0768	11.1709	12.3587	11.5155	11.4888	11.8092	11.9317	11.4094	12.2675	11.2255	11.7844	11.2738	11.6651	11.5649	11.7785	11.4961	11.5495
P35658	7.49185	5.90689	6.64386	3.32193	5.32193	5.64386	9.36851	6.50779	9.51964	6.12928	6.78136	9.84235	6.12928	7.71425	7.12928	5.90689	9.2738	6.49185
P36507	10.9196	10.3264	10.2668	10.4553	10.4543	10.5196	10.3674	9.86573	10.6768	10.4062	10.2691	10.7482	9.99718	10.9181	10.8146	10.2216	10.0728	9.90238
P40818	11.5519	10.5258	9.36413	10.115	10.9993	10.8616	10.7707	10.5893	9.64326	11.6356	11.8963	10.716	11.3485	12.2005	11.3832	12.2407	10.8405	12.1604
P41743	9.1472	7.02237	8.68299	5.64386	8.65464	9.98584	8.45533	7.40939	8.40939	8.08215	8.18982	9.24079	8.02237	8.89785	8.58496	7.40939	7.12928	9.33316
P42166	7.91289	6.90689	9.17493	7.49185	8.9542	8.66888	8.2854	8.50383	8.75489	9.18735	7.65821	8.33539	9.57175	9.38586	8.54689	8.80413	7.33985	5.90689
P42345	10.7082	10.2923	9.65284	11.0688	10.5294	10.7756	10.585	10.0768	10.2204	11.1818	10.6466	10.8162	10.3049	11.0627	11.0593	10.196	10.242	10.7313
P42356	9.48784	7.97728	8.19229	9.84235	3.32193	8.91289	8.69349	3.32193	7.86109	9.76072	9.09276	9.11894	8.48784	9.55363	9.80494	8.72792	8.94544	9.08082
P42677	10.1649	9.87344	9.07682	9.96	11.0967	11.0458	9.93811	9.44708	10.3597	9.87191	9.74147	10.0417	10.3805	10.3309	10.7805	9.81218	10.3015	9.84392
P42684	11.3658	11.2357	10.9333	9.79279	11.4027	11.0126	11.7379	11.3799	11.7981	11.1802	11.4976	11.8327	10.5821	11.4881	10.6138	10.8206	11.061	11.2282
P46937	9.82018	9.61102	8.95128	9.19722	9.84078	9.31741	10.3554	9.0634	9.50978	9.33762	8.7211	9.29232	9.22159	9.39017	8.62205	9.7039	8.55459	7.96578
P46977	10.703	9.99435	10.0293	10.1699	10.2935	10.4979	10.0848	9.78463	9.51767	10.7237	9.17742	10.3487	10.4522	10.1824	10.2192	10.3117	10.0566	10.6996
P47974	9.8392	9.23362	9.04712	9.67066	9.42836	9.00843	9.1267	8.55842	8.76818	9.57175	9.26913	9.20701	10.1124	9.45738	9.66	9.35535	9.31741	8.8392
P48634	10.5479	9.85331	9.55842	9.22882	10.0307	9.3015	10.2935	9.62936	9.56415	9.77479	9.6865	8.9542	9.20212	9.45738	8.43045	9.25739	9.49785	9.57743
P48729	13.2305	13.2622	12.5456	13.1154	13.2417	13.3046	13.0538	12.2531	12.7117	12.9105	12.7226	12.8652	13.4736	13.0715	13.8084	13.3757	13.3269	12.7633
P48730	11.3729	12.8463	12.0334	12.9683	13.1391	12.7901	12.2981	12.5389	12.2366	12.1762	13.1558	11.6843	10.1137	13.9402	13.0144	10.098	12.7394	12.4003
P49674	12.4365	13.0049	12.4608	12.4444	12.7744	12.7789	12.6255	12.3243	12.1603	12.5339	12.4381	12.7281	12.9151	13.1786	13.4297	13.1713	13.0929	12.3283
P49757	12.2799	11.8063	10.4078	12.2945	11.8624	11.6149	11.1405	11.4813	11.9744	11.3462	12.0703	11.1079	11.6472	10.9593	11.2	7.9542	10.1724	9.82496
P49761	8.08746	6.32193	7.65105	8.08215	6.78136	8.96867	6.12928	7.32193	7.57743	7.40939	6.91886	8.14466	6.49185	6.64386	6.78136	5.64386	6.32193	7.32193
P49815	15.0385	14.2695	14.1161	14.1639	14.1978	13.7616	14.4439	13.6987	14.0796	14.3997	14.1396	14.4943	14.5803	14.7276	14.7369	14.9478	14.4614	14.9223
P50548	9.99152	8.69697	9.59059	9.40088	10.341	9.52552	8.92778	7.64386	9.20457	10.8963	9.62571	10.1886	9.44708	8.46761	9.56415	9.83131	9.32867	8.98014
P51532	9.18239	7.57743	8.69	6.12928	9.00843	9.51964	8.24793	7.73471	9.66534	9.82177	8.85798	9.82018	7.64386	7.52356	8.43879	8.07682	4.32193	7.33092
P52429	10.0293	9.48985	9.57554	10.137	9.7364	8.52356	9.00843	8.90087	8.35755	9.86109	9.09803	10.1523	7.64386	9.74315	10.0661	6.82018	9.68124	9.43254
P52701	9.45327	8.29462	8.8009	9.86882	9.53333	9.69	8.99435	8.20457	9.54882	9.17493	9.52943	8.29462	9.15228	9.59991	10.1228	10.1072	8.47573	9.39017
P53350	6.79442	8.14975	8.39232	8.46761	7.24793	7.74147	8.66178	9.05799	8.09276	9.44501	8.33539	7.50779	8.95128	8.69697	8.55075	9.45327	8.42206	7.24793
P54253	11.1898	10.733	10.5803	10.633	10.8178	10.6804	10.927	12.3603	12.4729	9.45943	11.3783	15.5311	11.4625	11.2033	11.1396	11.4964	11.3055	11.9553
P55196	11.3479	11.1662	10.937	11.7317	12.0298	11.4054	11.3292	11.2488	11.5272	11.2375	10.8781	11.1908	11	11.1389	10.5939	11.0815	10.6004	10.6961
P55265	9.21432	8.08215	8.37938	9.16491	9.59805	9.28771	9.70736	8.08215	9.44501	8.85798	8.18982	9.29232	9.4818	8.82018	7.84549	9.18735	8.96578	8.27612
P56524	12.3848	11.6812	11.5985	11.2192	12.1315	12.2521	11.4969	10.9951	11.8669	11.9502	11.3647	12.1315	11.9315	12.2986	12.6676	12.0593	11.4522	12.745
P56945	4.32193	5.64386	5.32193	4.90689	4.90689	3.32193	3.32193	5.64386	5.35755	5.90689	5.90689	4.90689	5.32193	6.12928	7.41785	5.64386	7.7211	6.14975
P61962	10.5803	9.59246	9.34651	10.5906	10.3242	10.058	10.2691	9.12412	9.39446	9.79116	9.25503	10.2538	10.7649	9.7039	10.568	10.2889	10.0056	10.0182
P61981	9.68825	9.61287	10.0028	9.72622	10.0593	9.77479	9.5411	9.51373	9.40939	9.74315	10.0042	9.86573	7.58496	9.91439	9.84862	6.64386	9.51175	9.48784
P62158	10.8727	9.45533	10.5382	10.0914	10.3106	9.87652	11.1039	10.8986	8.93074	10.9922	10.6795	10.7541	7.65821	10.6366	10.032	10.5565	10.6475	10.1674
P62258	14.0037	12.8396	13.0715	14.324	14.1756	13.3509	13.2867	13.2177	16.4566	13.82	13.1214	13.1875	14.3832	14.3473	13.8695	14.2885	13.4157	13.5413
P62829	15.4192	15.2114	15.1378	15.3144	16.068	16.1007	16.0112	15.7729	15.7675	15.1359	14.8285	15.7064	16.371	15.7267	15.9699	15.7856	15.8531	14.6743
P63104	10.2046	9.48985	9.47776	9.65284	10.9672	9.46148	8.93664	9.34873	10.2033	10.2912	9.20701	10.2562	8.58496	10.7607	7.65821	8.71081	9.03342	10.1459
P63208	7.84549	6.32193	4.32193	6.12928	7.04439	4.90689	6.90689	6.90689	4.32193	7.85798	4.32193	4.90689	6.64386	6.78136	7.12928	6.12928	6.49185	6.49185
P67870	10.5177	9.38586	10.7271	8.20945	9.88722	10.4868	10.3151	9.62936	10.8424	10.2992	10.3026	9.27845	9.90989	8.27612	8.29921	10.9248	9.88722	9.1267
P78344	9.21432	8.41363	7.49185	5.90689	6.79442	8.88264	8.87958	7.49185	8.22882	8.8857	8.45533	7.7879	8.37069	8.88264	8.90989	8.85175	7.57743	9.08746
P78406	11.0708	10.6812	10.0768	9.23601	9.67772	8.49586	9.46352	9.26444	6.90689	10.6804	10.4615	10.1241	11.4247	11.2046	11.4584	11.327	10.8517	11
P78524	10.2384	10.341	9.36413	10.8626	11.0098	10.9723	10.3587	9.93958	10.4798	10.4284	10.6856	10.8918	10.7814	10.8353	10.6856	10.6724	9.78136	9.74147
P81408	11.1402	10.4767	10.6493	11.2662	10.9744	10.2384	10.7715	10.6457	10.722	10.4367	11.0728	10.7895	10.1699	10.8162	11.1668	10.0967	11.0512	9.32193
P85037	11.227	10.1319	10.9129	11.6027	11.1319	11.4584	11.0492	10.8933	11.163	11.5882	11.2021	11.239	10.7074	11.8933	11.544	11.1427	10.3038	10.7245
P85299	11.8784	10.7125	11.1966	10.5078	12.0206	12.2249	11.7448	11.0244	11.3625	12.2174	11.6746	11.8971	11.5319	12.1434	12.3228	10.7985	9.77314	11.8214
P98177	10.7432	8.94544	9.52943	4.32193	9.69349	9.3015	9.59246	4.90689	8.41363	9.48583	8.65821	9.89026	8.98299	8.75822	9.80413	9.48583	8.91588	9.17493
P98179	6.93074	7.13955	7.90689	8.13443	7.64386	7.32193	7.97154	7.32193	7.40939	7.40939	6.90689	6.78136	8.08215	7.71425	6.32193	8.08215	7.41785	7.41785
Q00536	9.17742	8.86109	9.09276	9.82018	8.53528	10.3826	9.37938	8.91886	9.38154	10.1059	9.85798	8.8857	9.02514	9.77972	9.9542	9.00843	9.04166	9.24317
Q00537	11.5527	11.4833	10.8564	12.9773	12.5734	12.1975	11.2354	10.927	11.1523	12.0105	11.0573	11.1396	8.33539	11.395	11.7125	11.221	10.9069	11.1904
Q00587	11.8361	11.6064	11.1731	12.0386	11.7351	11.5817	11.4702	11.2784	11.3542	11.3886	11.3393	11.3032	10.7624	11.314	11.6294	11.1383	11.6027	11.0908
Q01433	11.1874	9.94398	8.77479	9.86264	10.2204	10.0728	10.6366	9.68825	8.86419	9.72451	9.31741	10.5594	11.3055	9.80413	9.50184	10.7822	10.6339	9.34873
Q01813	10.9965	10.7887	10.5118	11.1768	10.7515	10.5925	10.2167	9.89482	9.81538	11.2592	9.98584	10.42	10.6609	11.3332	10.749	11.1013	11.0941	10.9929
Q01850	9.31741	8.13443	8.03342	4.32193	8.02791	8.78463	6.90689	6.90689	6.90689	8.92184	7.56986	8.13443	9.19722	8.62936	9.50779	9.11374	8.08215	8.50383
Q02241	12.8696	12.255	11.8451	13.4058	13.013	12.5316	12.6808	11.8971	12.2706	13.2336	12.3611	12.5751	12.4291	12.6989	12.1926	12.3329	12.2464	12.48
Q02750	11.1555	7.5157	9.74651	11.713	11.1319	10.3619	10.3498	8.32643	10.5068	10.3815	10.6511	8.87652	7.84549	11.0993	10.5981	9	10.858	5.90689
Q02833	11.1749	11.617	11.214	10.9484	12.0341	11.8688	10.6542	11.6378	11.5953	11.891	11.5826	11.5843	12.4984	12.0218	12.0179	13.5883	11.9363	11.5791
Q04721	8.07682	7.02237	8.03342	8.29462	9.11374	9.14975	8.78463	7.12928	8.13443	8.41363	7.56986	9.54496	8.69	7.12928	9.43254	7.32193	8.27612	8.5812
Q04917	11.7731	11.3707	11.4803	11.9979	11.6371	11.4289	11.863	11.5348	11.4289	11.1898	11.5396	11.5474	11.1202	10.9701	10.8424	10.6777	10.268	10.9506
Q07002	12.6658	12.403	12.0604	13.0005	13.0674	13.3778	12.268	11.7478	12.1244	12.5543	12.7037	12.6965	12.7801	12.9688	13.0539	12.7928	12.196	12.5519
Q07157	7.92481	7.15987	7.03342	7.32193	8.74147	8.29462	8.73132	7.65821	7.58496	6.14975	6.64386	7.32193	7.50779	8.76487	8.39232	8.14466	7.67243	8.19967
Q07352	11.7117	11.6271	10.9476	10.4231	11.2609	10.875	11.0451	10.2467	11.2088	10.9936	10.0647	11.5038	11.3146	11.5722	11.7207	11.7578	11.3021	11.9586
Q07866	13.0934	12.6069	12.2192	13.2643	13.6222	13.3147	13.5727	12.6369	12.7071	13.0315	12.6312	13.0497	13.0005	13.1233	13.3879	13.2527	12.9311	12.7566
Q08495	10.9951	12.1241	10.7108	11.888	11.8265	11.8556	12.5668	10.7773	11.461	11.6502	11.1774	11.8021	12.2755	12.8007	12.4231	12.3867	12.2207	11.8451
Q08AD1	7.58496	12.1254	8.03892	8.29462	12.0396	11.7952	12.4944	11.8459	12.0758	9.05257	11.6591	8.98868	10.2808	11.8258	12.1046	9.96145	8.29462	7.22882
Q08AE8	6.32193	6.33985	5.64386	5.64386	7.03342	7.58496	7.03342	3.32193	4.32193	5.90689	6.91886	6.64386	7.90689	6.78136	7.32193	6.90689	6.12928	7.02237
Q09019	9.53138	8.13955	6.12928	6.90689	8.70044	9.79928	9.22882	8.77479	9.42417	9.71939	9.82337	9.73132	7.72792	9.89178	9.97154	8.8392	8.18982	9.27612
Q0VF96	9.91439	7.93074	9.17243	9.34873	9.43879	9.80252	10.2761	9.85331	8.04439	9.52943	9.90087	10.0808	7.92481	9.9571	9.32418	9.46964	9.31288	9.82018
Q12774	7.65105	6.32193	6.12928	5.90689	7.14975	7.84549	6.12928	4.90689	6.90689	6.78136	5.32193	6.12928	7.14975	7.7879	8.85798	7.7879	8.07682	8.54689
Q12778	12.421	10.9723	11.1693	10.8781	10.5718	10.4959	11.1743	9.96723	11.4722	12.4929	11.2252	11.7292	12.1049	12.103	12.0705	11.9947	11.4491	12.3379
Q12802	15.1347	14.844	14.9288	15.1612	15.253	14.8183	14.4362	14.6148	14.4993	14.9515	15.0248	14.792	14.5783	15.0373	15.0443	14.3473	14.8038	15.2596
Q12809	8.89785	8.38802	9.22641	9.96	7.03342	9.27146	8.45943	9.46964	9.38586	9.88111	9.73471	9.34207	9.53722	9.27612	9.77314	9.20457	9.0954	9.45533
Q12840	11.5241	10.7406	10.875	11.6339	11.3603	11.8474	11.1699	10.8502	10.7448	11.9058	11.1273	10.8242	11.3197	11.5358	11.2228	11.4184	10.4676	10.8895
Q12923	12.8114	11.4818	12.0265	12.3867	12.4424	12.6253	12.4607	11.2662	12.103	11.5608	11.0795	11.8218	11.4157	11.7574	11.8595	11.3242	10.851	11.7
Q12959	10.8696	10.7674	9.53333	7.56986	11.4041	10.9758	10.6393	10.9151	11.3918	10.8564	10.8033	11.2088	9.91737	11.2935	11.3531	10.8025	10.8408	11.1157
Q12980	9.9901	9.24317	8.73809	7.97154	8.69349	8.97441	8.37938	6.32193	8.28077	9.09276	8.79442	9.04166	7.80735	8.93369	10.0238	9.14975	9.12153	9.55075
Q13009	9.75656	9.66888	9.57365	10.8455	10.0485	9.67419	10.5372	9.77479	9.88722	9.41574	9.20457	9.39232	8.70736	8.20945	8.62571	9.57743	8.30378	9.84235
Q13049	12.4676	7.91886	11.8102	13.568	12.777	13.0046	12.7296	12.158	11.92	12.0028	12.9507	11.8591	13.8572	11.5241	13.0984	12.4097	11.1312	6.12928
Q13111	7.13955	8.33092	7.58496	8.78136	8.79442	8.89785	8.57365	5.64386	8.19967	8.76155	8.39232	9.79766	8.27612	7.92481	8.53528	7.96578	8.17991	8.86728
Q13112	9.18239	8.66888	8.63662	9.13443	9.77972	9.97728	9.64746	9.14975	9.66888	8.66534	9.25267	9.66711	9.18488	9.49586	9.74147	9.72451	9.66534	9.40088
Q13136	8.76818	8.96	10.9106	7.40939	8.18982	10.69	8.32643	9.84078	10.2095	10.6751	8.89482	9.16742	8.66888	9.19722	9.19967	10.062	8.76487	9.09276
Q13322	9.49386	9.01123	9.10066	6.78136	7.22882	9.54882	8.54689	6.33985	8.76155	9.00843	8.24317	9.07146	10.2107	9.2503	9.76155	8.633	7.97154	9.22882
Q13370	11.9475	11.1766	11.485	12.1692	11.1952	11.4552	10.9782	10.6543	11.318	12.202	11.7242	11.7065	11.5782	11.7495	11.75	11.2971	10.6868	11.8173
Q13432	11.4083	7.74147	6.64386	7.41785	11.8186	8.24317	8.08746	7.40939	8.32193	7.79442	7.71425	8.92184	8.54303	8.57743	8.50383	8.23362	9.03342	8.65105
Q13496	9.6987	8.98299	9.19967	9.20945	9.20457	9.70217	8.37504	7.59246	9.10329	9.49586	9.30606	9.46761	8.80413	9.59805	9.32193	9.52943	8.19476	8.62936
Q13555	9.88874	9.45121	9.60363	10.5108	10.7457	10.8202	10.3231	9.66356	10.1163	10	9.88722	10.314	9.29692	9.42417	10.5784	8.80413	9.17742	10.0688
Q13613	10.5498	9.85487	9.17243	10.668	10.5821	9.45533	10.6662	9.65284	9.61471	10.2503	9.224	10.5275	10.7952	10.1662	10.4221	9.50184	9.22159	10.1599
Q13617	9.51373	10.3685	9.45121	10.363	10.543	9.64926	9.6987	9.04985	9.2738	9.84549	10.1459	9.76155	10.1923	9.70044	9.05257	10.2046	10.2432	10.2784
Q13625	13.4151	12.6481	12.5801	12.1139	13.1978	13.1615	13.0509	12.2704	12.6532	13.245	12.5152	13.0326	13.0212	13.3489	13.3885	13.2368	12.8297	13.4625
Q13627	11.1357	9.85643	10.4959	11.2715	10.7912	10.8918	10.9418	10.2155	10.4747	11.2336	11.0063	10.7185	10.7574	11.2258	10.9484	12.6885	11.8696	10.3354
Q13724	13.6902	12.9242	12.9658	13.1159	12.9395	12.6921	12.9443	12.7294	13.3088	10.1176	12.6449	12.5997	11.1121	13.118	12.0828	10.5859	11.2414	12.3879
Q13946	9.37938	8.53916	9.20701	7.13955	7.93664	9.2738	9.64205	8.45533	8.18488	10.3432	7.12928	8.33985	6.33985	8.66534	9.56796	9.43671	8.75154	4.32193
Q14008	8.2854	7.13955	7.71425	8.28077	7.91289	8.42206	5.64386	8.2384	7.92481	6.80735	8.2854	8.37938	7.49985	8.76818	8.99152	7.91289	7.02237	8.37938
Q14103	9.94983	10.137	9.84549	7.78136	10.4574	10.6795	9.62571	9.73302	9.82814	4.90689	9.52943	10.2479	9.97154	9.48985	10.3276	10.3729	6.90689	10.2609
Q14146	9.69	7.65105	8.40939	9.15735	8.69349	6.49185	7.40939	8.82655	7.57743	7.91289	8.28077	7.85175	9.00562	8.42206	8.14975	7.22882	7.12928	7.33985
Q14153	12.6504	12.5282	11.9388	10.8765	11.6944	9.99577	11.9643	12.0032	12.2306	6.32193	12.5936	12.3306	10.3565	6.78136	9.39446	10.1674	12.0437	12.5404
Q14155	11.2597	10.8384	11.0828	11.9357	11.7638	11.6353	11.451	10.8408	11.3937	11.0172	11.3955	11.4569	12.2082	12.1898	11.7341	11.2886	11.7209	11.0583
Q14157	9.2738	8.42206	8.41785	9.60918	8.61839	8.41363	8.49985	8.24317	7.59246	8.79442	11.3674	8.03342	5.90689	9.31741	8.50779	6.52356	7.7211	7.22882
Q14161	12.0765	12.5226	10.5216	11.7616	12.1984	10.9352	11.0681	10.4564	11.3832	11.5788	11.5488	11.6013	11.2467	11.5003	12.5899	12.0234	11.0532	10.3902
Q14244	11.0573	11.1731	11.1818	11.7879	11.8471	11.5008	11.817	11.6896	11.4062	11.2527	10.9218	11.4752	5.90689	10.8704	11.2318	10.3674	10.6891	10.7134
Q14257	12.0258	10.697	11.2336	11.2889	10.6662	10.6284	9.68825	10.8826	10.4898	11.4067	11.5333	11.2709	10.6839	11.3647	11.1421	10.7271	9.94544	10.5708
Q14444	10.2107	9.74147	9.31967	11.0908	10.4062	10.314	10.7566	10.6421	10.3264	10.1599	10.0875	9.64386	10.4357	10.0458	9.53528	9.98726	8.98584	8.85798
Q14571	10.9388	11.8517	9.81698	10.6653	6.94251	11.785	8.98014	9.5411	11.2929	10.128	9.40939	9.72281	10.332	11.2819	10.6564	11.3471	10.716	7.03342
Q14573	11.3365	11.4651	11.183	11.5864	12.0461	12.1062	11.6733	11.4564	11.4605	11.6362	11.5788	11.6248	11.8202	11.0369	11.3026	11.4757	10.7262	9.60363
Q14643	5.90689	6.90689	7.49185	5.64386	6.64386	8.40939	6.64386	6.32193	8.18488	7.32193	8.28077	7.12928	6.78136	7.32193	7.56986	5.64386	3.32193	7.12928
Q14677	5.90689	3.32193	5.32193	5.64386	4.32193	4.90689	4.32193	4.32193	5.90689	3.32193	3.32193	5.32193	5.90689	4.32193	3.32193	5.32193	3.32193	4.90689
Q14678	12.2989	11.163	11.1649	11.1176	10.9535	11.233	11.0573	9.9629	10.941	11.7649	11.1402	11.6344	11.6869	11.7715	12.0345	11.3723	10.84	12.2958
Q14680	8.08746	5.93074	6.78136	6.78136	6.50779	8.12928	6.90689	5.32193	7.97154	8.19476	5.64386	7.97154	7.56986	7.65105	8.23362	7.7879	6.12928	7.56986
Q14693	9.05799	7.12928	6.78136	7.12928	7.57743	8.41785	7.2384	5.90689	7.02237	8.18982	6.49185	8.08215	8.41785	7.97154	8.85487	7.91886	6.90689	8.2854
Q14739	11.8317	12.2438	11.9267	11.4737	12.5751	12.1186	12.617	11.9929	12.4378	12.1914	12.3412	12.774	11.8517	12.3526	12.4349	12.1564	11.9944	11.9484
Q14966	13.9514	13.4007	13.4324	14.1918	14.0551	13.6827	14.1336	13.8886	14.0787	14.3342	14.1476	14.0761	13.2838	13.6496	13.6208	13.3514	13.4665	13.9465
Q14978	12.7353	12.1727	11.9553	11.9958	12.9487	12.9285	12.848	12.2848	12.7977	13.0575	12.6874	13.0658	12.5892	12.4538	12.5817	12.3154	11.3326	12.164
Q14980	11.1228	10.4419	11.0681	10.9322	8.30378	12.2195	11.4599	11.3647	11.8033	11.7465	11.3853	12.1023	11.2444	11.4645	8.94544	7.91289	11.0553	11.461
Q14C86	11.4512	10.5859	11.2963	11.0375	11.3117	11.3004	11.3641	11.363	11.1364	11.4179	11.3415	10.9396	11.4414	11.6344	11.5934	11.8218	10.9527	11.8626
Q14CB8	9.2854	9.9263	9.8009	9.75989	8.14975	7.42626	10.2058	9.27845	9.01681	9.12928	8.54303	9.84706	10.1749	9.77643	10.5167	10.9024	10.2143	7.02237
Q15007	9.04712	7.12928	5.90689	8.38802	9.37504	10.1137	10.128	6.64386	8.87344	8.77149	8.87344	9.40939	7.22882	8.5157	7.12928	10.9723	6.49185	10.1306
Q15032	11.4717	10.7013	11	11.1818	11.3281	11.5503	10.8289	10.4635	10.5479	11.3581	11.1972	11.4014	11.2633	11.6294	11.9381	11.0478	10.6573	11.3376
Q15043	8.92184	8.32643	9.47371	8.61102	8.18488	8.75822	8.57743	7.97728	7.85175	8.95128	8.69697	8.98014	8.50779	9.32418	9.51175	7.97154	8.18982	8.62205
Q15052	10.4179	9.93221	10.1699	11.2456	10.6839	10.7674	10.4969	10.0848	9.86882	11.1357	10.8486	10.9586	10.4357	11.4046	11.2969	10.7846	10.3049	10.3038
Q15058	8.89178	9.06609	9.33092	9.19967	9.33985	8.86728	9.67596	9.70044	9.21917	9.03892	8.91886	9.06609	9.03892	9.22159	8.47573	8.37938	9.16742	8.2384
Q15154	9.91663	8.99294	9.25267	10.3315	10.207	9.57743	10.1917	9.92184	9.98584	10.8788	9.98584	10.0614	9.94544	9.85487	9.76155	10.0293	9.63027	9.79116
Q15276	8.87344	7.65821	6.49185	11.1542	8.62571	9.22641	9.49586	6.32193	7.93074	11.1013	10.1774	8.58496	9.23362	10.1662	9.12928	10.8273	8.03892	8.55459
Q15287	11.4719	13.6165	13.4457	13.9637	13.7398	13.6441	13.4954	13.3518	13.0257	14.0185	13.285	13.8927	13.0679	13.6255	13.6817	13.1436	13.306	13.5963
Q15370	16.5469	15.4287	15.6477	11.8345	15.9053	12.3788	15.5522	11.9665	8.30834	6.33985	9.36413	12.6101	10.7448	15.8221	11.4998	15.7194	13.1528	15.81
Q15643	10.1124	9.82972	9.18239	10.341	9.84078	10.3815	10.4115	7.87036	10.2252	9.36851	9.82337	10.2703	10.1824	11.0355	10.5897	10.585	10.9491	8.47168
Q15678	10.1799	10.9751	10.5008	9.96434	11.0701	10.4676	10.7313	10.1599	10.6027	10.7977	10.5821	10.3805	11.1408	11.3966	10.7665	11.3348	10.817	10.3542
Q15751	7.59246	5.9542	7.42626	7.93074	8.32193	8.2854	7.65105	4.32193	7.64386	8.29462	7.24793	7.03342	7.79442	4.90689	8.10329	5.32193	6.12928	8.5812
Q15772	9.34651	8.88264	9.91588	9.66356	9.32418	9.3015	9.33092	8.97728	9.633	9.02514	8.88264	8.69	6.12928	9.32643	8.17991	8.08215	8.07682	9.25974
Q15843	9.60177	8.60363	8.46352	7.49985	9.45121	9.04166	9.20212	8.76818	7.7211	7.65105	7.73471	8.29002	8.70044	8.14975	8.29462	8.98868	8.50779	8.37938
Q16204	11.2889	9.78463	9.42417	8.75489	9.23122	8.99718	8.37069	8.49586	8.82337	11.1092	9.86573	9.97728	11.2222	10.7082	10.6528	10.5821	10.0593	10.1241
Q16543	12.9612	9.84078	12.3767	11.9989	11.5543	13.0098	12.438	12.5664	11.3261	10.4594	12.561	11.7742	13.1422	12.6314	13.0739	13.6326	13.0448	12.6745
Q16825	9.29002	8.45943	9.60918	10.7566	10.3826	10.3354	11.1053	9.85019	9.41996	10.2021	9.74987	10.3696	9.11894	9.97441	11.2802	9.81698	6.64386	9.88417
Q16875	9.96145	9.17493	8.93074	8.13443	8.50779	11.2485	8.69697	7.79442	11.0782	9.91439	8.24317	11.2252	8.18982	9.72451	9.78627	11.6957	8.96	9.90087
Q2KHR2	11.8642	11.2597	11.4429	10.6519	11.6022	11.2324	11.8098	11.3674	11.4594	11.6542	11.5098	11.3219	11.656	11.4853	11.1699	12.2458	10.8872	10.2348
Q2M1P5	12.4082	11.5023	11.3301	12.8046	12.2502	12.3548	12.2923	11.1693	12.1731	12.7171	11.8576	12.245	12.3339	12.3139	12.291	12.1726	12.0112	12.2297
Q2M3G4	10.2204	6.49185	9.87958	10.0279	10.4522	10.1007	10.6439	9.73132	9.71081	10.8471	9.68299	9.59246	6.64386	10.3685	10.6804	10.3038	10.2842	9.98584
Q2PPJ7	10.5459	9.84549	9.75154	11.0189	9.90839	9.68299	11.1737	6.90689	8.59246	10.2715	8.73471	9.85019	12.0389	11.2527	10.3729	10.9285	10.5236	9.73978
Q2V2M9	8.86728	8.81057	6.90689	10.2912	10.4221	9.93958	9.04166	8.54303	9.32643	8.59246	6.78136	7.79442	8.82655	8.62571	7.97154	8.97728	7.97728	8.28077
Q32P44	13.8727	13.3619	13.4755	14.3514	14.0387	13.9595	13.7174	13.1453	13.6406	14.2624	13.8614	14.0293	12.9348	13.5888	13.6223	12.9789	13.3044	13.5994
Q3KQU3	10.3597	9.35535	9.59246	10.3923	10.0901	10.4336	10.4828	9.31515	10.3597	10.3151	10.128	10.1561	8.65105	9.6865	9.96145	9.39874	8.37504	10.0835
Q3V6T2	10.4168	9.59991	10.0238	9.88111	10.0126	10.2456	10.3652	9.82337	10.0888	9.03892	10.0224	10.3934	8.55459	9.73471	9.32418	7.42626	8.51964	9.77149
Q4KWH8	11.752	11.2082	10.6935	10.5058	11.8588	10.5177	11.2767	9.59805	10.9061	11.9509	11.3712	11.2461	10.7657	11.5098	11.6755	10.9233	10.4778	11.2161
Q52LJ0	7.12928	9.55651	9.68124	9.32193	11.716	11.2467	8.04985	7.42626	9.31741	8.93664	9.27612	10.7423	9.77808	10.0403	10.3264	10.0375	10.7781	10.8719
Q53ET0	11.8459	11.23	11.463	11.3365	11.3701	12.0512	11.8727	11.2432	11.3826	11.4793	11.716	11.6569	11.948	12.7039	11.983	12.4504	11.0993	11.6371
Q53GS9	13.2509	13.2088	13.0539	13.2447	13.0615	12.9246	9.49985	13.1497	12.8781	13.6578	13.3022	13.3404	8.08746	12.2399	12.4712	13.1843	12.4737	10.633
Q53SF7	9.25267	8.72451	8.50779	8.9571	9.03892	9.31967	9.32193	8.42206	9.29462	9.7039	9.58871	9.41151	9.09011	9.25267	9.55267	9.0954	9.06609	8.65821
Q5EBL8	8.22882	7.56986	7.49185	7.49985	5.64386	8.5812	8.07682	6.12928	8.32193	7.78136	7.64386	8.19967	8.85175	8.22882	8.02237	7.64386	5.90689	8.37069
Q5H9R7	11.2186	10.8688	10.6239	10.7288	11.1	10.6555	11.0007	10.3197	10.3815	10.7912	10.4969	10.6448	10.6707	10.5821	11.1536	10.2515	10.4858	9.17243
Q5HYK7	12.2208	11.6764	11.3471	11.9176	12.2754	11.3815	11.7636	11.1627	11.3168	11.4921	11.2219	11.2497	11.097	11.7859	11.7657	11.8361	11.103	11.515
Q5JSL3	9.82496	8.82018	8.40939	8.5812	8.5812	9.90539	8.2854	8.2384	9.43879	8.94837	9.08746	8.93958	8.37938	9.56033	10.0512	8.13443	8.28077	9.10852
Q5JSZ5	10.0334	8.76818	10.0808	9.83289	9.76984	9.61287	9.68475	9.55459	9.68299	10.1662	10.2877	9.09803	9.73132	9.38586	9.39017	9.8009	9.22641	9.67243
Q5JXC2	15.1282	14.6219	14.4865	14.919	14.872	14.6579	14.5728	14.0959	14.2079	14.3663	14.6312	14.3155	14.941	14.6704	14.4136	14.6627	14.2025	14.5588
Q5M775	6.32193	3.32193	6.49185	7.65105	8.51964	8.29462	8.43045	7.04439	7.2384	7.14975	8.7879	7.65821	7.59246	7.79442	7.72792	7.99435	6.79442	7.03342
Q5PRF9	9.14975	8.32643	7.85175	7.7879	9.16491	9.3837	8.13955	8.03342	8.23362	9.59246	8.65105	9.13186	9.12412	9.24317	9.69	9.54689	8.91886	9.81698
Q5SNT2	11.6179	11.0821	10.8281	9.93664	11.461	11.3298	11.3365	10.4988	10.8478	9.42206	11.1312	11.6746	11.9741	11.3918	10.1189	11.7211	11.1312	7.7879
Q5SQI0	12.599	12.2485	11.9429	11.5172	12.2336	12.5871	11.6398	11.5157	11.7989	12.5236	11.6698	12.2119	12.3537	12.6786	12.5474	12.5457	12.3018	12.03
Q5SW79	12.3103	11.88	11.5304	12.0931	11.9298	11.1874	12.0773	11.0741	11.3126	12.2166	11.8809	11.7142	11.3559	11.4497	11.2909	11.6978	11.3032	11.4727
Q5SYE7	8.33092	7.33092	7.85175	8.62205	7.50779	7.41785	7.65105	7.50779	7.7879	7.41785	7.85175	8.2384	6.90689	7.12928	7.33092	7.13955	6.49185	7.57743
Q5SZL2	8.50779	7.97154	7.33985	9.12412	9.3443	8.09276	8.73471	6.32193	4.32193	8.33539	7.5157	7.60733	4.32193	8.50779	8.32193	8.82655	6.84549	8.50779
Q5T011	11.5689	11.0614	11.1415	10.5708	11.2755	11.1447	11.0888	10.1472	10.3685	10.8611	10.5906	11.2027	10.363	11.098	11.2378	10.9564	11.1325	11.31
Q5T0W9	11.5503	11.2064	11.3559	11.4003	11.5522	11.4788	11.2691	10.9233	11.1222	11.3393	11.3745	11.5565	10.4471	11.2533	11.4035	10.6156	10.1536	10.8711
Q5T5U3	12.7916	12.4134	12.0805	13.5693	13.6321	12.8303	13.3301	12.763	12.3674	12.956	12.4086	12.6742	11.7977	12.5953	12.5932	12.4372	12.3399	12.4533
Q5T6F2	8.18488	8.37938	8.42206	8.37504	9.09011	7.57743	8.88264	8.18982	7.2384	8.7879	7.92481	5.64386	7.58496	4.90689	4.90689	5.32193	9.93958	8.22882
Q5TCX8	11.4848	9.00562	11.0821	10.9263	10.6493	9.55267	10.5304	10.0848	10.8696	11.352	11.4419	11.5088	9.79279	11.4194	11.2906	6.90689	10.2889	11.318
Q5TCZ1	11.8941	10.8226	10.2444	11.3826	10.9196	10.4868	11.3832	9.82337	10.7313	11.2479	10.8439	10.6987	10.0782	10.9944	10.6175	10.0362	10.9564	10.0647
Q5THJ4	8.86728	7.50779	8.2384	8.33539	8.7039	8.03892	7.87036	8.37938	7.97728	9.01681	8.53528	7.49985	8.62205	9.11634	8.633	7.86419	7.40939	8.66178
Q5UIP0	8.14466	7.49185	5.90689	7.85798	7.96578	7.91289	7.56986	7.66534	7.02237	8.18982	7.13955	8.14466	8.08215	7.65105	8.18982	8.12928	6.64386	6.90689
Q5VT97	12.511	12.1475	12.1951	12.9048	12.4242	12.1796	13.9453	13.7963	12.5925	13.7995	12.5936	12.3081	13.3592	12.453	12.0283	13.4736	12.0604	11.9633
Q5VUB5	10.1799	10.7202	8.93074	10.2946	10.4367	9.57743	10.6786	10.3454	10.3498	7.32193	9.3837	8.14975	10.5187	10.2021	8.33985	9.06878	8.82018	9.01402
Q5VUJ6	12.6232	11.2674	6.78136	11.883	11.9307	17.1488	11.4346	10.8971	11.4062	12.4215	7.34873	6.67243	11.4732	6.32193	9.26913	11.4099	10.5971	11.6524
Q5VV41	8.42206	11.5582	11.461	9.54496	10.944	11.9031	11.5345	11.0914	9.16867	9.82496	11.6566	12.0355	12.0967	10.9218	11.7125	12.0028	11.8805	9.63844
Q5VWQ8	11.1306	10.3174	10.1824	10.0782	10.8154	11.3129	10.6184	11.056	11.7566	11.6786	8.23362	10.3509	10.4273	11.1485	11.1163	10.9965	10.2216	10.7406
Q5VZ89	8.66534	8.95128	7.64386	9.29462	10.3298	10.8431	9.59246	9.08481	8.8857	10.1098	9.31967	10.4818	9.01123	8.37504	10.8305	9.98157	9.35094	9.53528
Q63ZY3	9.57175	8.97728	7.41785	9.30378	9.17742	7.91289	7.33092	11.8704	8.32193	8.9542	8.83289	6.79442	9.9571	9.07146	9.14466	10.0848	10.3542	8.98014
Q68D51	9.93958	7.97728	8.45943	8.33985	8.98014	9.74315	7.7879	6.32193	7.66534	8.10329	5.93074	8.08746	9.58496	5.64386	9.71596	9.09276	8.53916	8.10329
Q69YN4	8.71768	6.78136	8.93664	7.64386	8.2384	8.94544	8.18982	7.49185	9.37721	7.97154	7.91886	8.29002	6.78136	7.14975	8.86109	7.33985	7.12928	8.88874
Q69YQ0	8.28077	6.78136	6.90689	7.97154	7.33092	8.03892	7.22882	6.12928	8.13443	7.91289	7.49185	8.24317	7.97728	7.91886	6.78136	7.13955	6.90689	7.91289
Q69YU3	11.7309	11.6974	11.4767	11.3393	11.4949	11.6027	11.1555	10.8065	11.5382	11.2294	7.85175	11.8514	11.3842	10.96	11.7112	11.5172	11.6193	10.9061
Q6AWC2	11.1846	10.3625	10.6799	10.8861	10.8815	10.7275	10.6439	10.0795	10.7541	11.2303	10.7707	10.6452	10.8222	11.3471	11.1456	11.1507	10.6004	10.4383
Q6DN90	8.98014	7.33092	7.72792	7.49185	7.65105	9.03892	7.33092	6.90689	8.37504	8.37504	8.22882	8.65464	7.2384	8.24317	8.29462	7.90689	6.49185	7.90689
Q6DT37	8.02237	9.45943	10.1485	7.12928	8.97728	9.50184	4.9542	9.96145	6.32193	6.33985	9.77149	4.90689	8.94837	8.33539	9.75989	8.3837	8.85798	9.65821
Q6GYQ0	8.49985	7.97154	8.89785	6.79442	8.32643	9.62022	7.85175	7.22882	8.85487	9.04712	8.08746	8.79442	9.09803	8.2854	9.15482	9.36413	8.65105	8.8857
Q6ICG6	13.8294	13.6424	13.2056	13.8916	13.5836	13.7602	13.5854	13.1852	13.4761	13.8073	13.3834	13.7076	14.0033	14.0441	13.5868	14.1871	13.7483	13.7645
Q6IQ23	9.20212	8.61102	8.78136	9.38586	9.90388	9.64205	9.25267	9.24317	9.20457	9.11894	9.31288	9.90989	8.76487	9.40727	9.03617	9.2738	9.03892	9.33762
Q6NUK4	13.1496	13.4468	12.9456	12.9688	13.3933	13.964	12.7607	12.8773	12.8912	12.925	13.0495	13.0967	12.9153	12.8206	14.1632	13.2983	13.1731	12.6751
Q6NUP7	9.01959	9.71768	8.91588	9.22641	9.53528	8.79442	8.84549	9.25503	9.23122	9.92926	9.93221	9.59432	9.32867	9.32193	9.8857	9.633	8.74147	10.0279
Q6NXT6	12.5028	11.9155	11.6129	12.6099	11.911	11.6069	11.7305	11.6234	11.6764	12.163	12.0674	12.0921	11.8498	12.0861	11.8572	11.9719	12.1923	12.0081
Q6P0Q8	15.9474	15.2501	15.174	16.3092	16.027	15.769	15.6962	14.9312	15.2214	15.723	15.2142	15.4614	15.4031	15.899	16.0724	15.3631	15.2266	16.0926
Q6P1L5	10.0526	9.09803	9.57365	10.196	9.60733	9.53333	10.0526	9.43463	9.84235	10.352	9.90388	9.94983	9.85175	10.2691	9.14975	9.6865	9.41151	9.65464
Q6P597	10.4419	11.8588	10.2854	8.77479	9.53333	9.39874	11.1787	10.9218	10.5812	11.0189	10.8234	9.51964	12.5177	8.29002	13.082	12.3861	12.5231	11.0355
Q6PD62	11.7228	12.3977	10.623	10.774	11.4988	11.6528	12.3318	12.0196	11.3701	11.4767	10.1306	11.6609	11.8289	12.0885	11.8807	11.4656	11.7989	11.1351
Q6PJG9	14.3197	11.7936	4.90689	14.583	14.3899	12.7649	13.6172	12.1799	13.5522	12.5071	11.9801	12.5675	13.3971	12.6854	12.9571	12.4409	13.2951	12.4333
Q6PKG0	14.2639	13.8897	13.7245	13.772	13.6904	13.6888	13.674	13.5404	13.6306	13.9255	13.617	13.7919	13.8699	14.1664	13.7222	13.7863	13.4033	13.8466
Q6R327	11.196	10.8734	10.0334	10.3231	11.0795	11.1774	11.1241	10.0526	10.5981	11.0681	10.7903	11.0875	11.3415	10.9344	11.809	11.2639	10.3015	11.2929
Q6UUV7	13.5956	13.4484	12.95	12.8146	12.6549	12.5164	12.1997	12.6644	12.3562	13.1844	13.543	12.6861	13.081	13.2754	12.4966	13.06	12.3509	12.9553
Q6UUV9	12.0227	11.4651	11.4357	11.6887	12.0217	12.5663	11.8746	11.0272	11.8408	12.041	11.9451	12.0217	11.7727	12.3791	12.2518	11.9516	11.3066	11.9593
Q6UXT9	11.8138	11.2854	11.0634	10.5943	10.3912	10.3663	10.3354	10.8281	10.5661	11.1687	10.8963	11.2877	11.7469	11.1209	11.0668	11.4969	11.0607	10.9211
Q6VY07	11.3603	10.9432	10.9665	10.8925	11.2408	10.3718	11.0788	10.5187	11.1286	11.1421	11.218	11.0161	11.2952	11.2276	10.8948	10.6839	10.8082	11.1124
Q6WCQ1	12.643	12.1658	12.5001	12.6008	12.5425	8.2384	11.7432	12.2612	12.2327	12.1941	12.7332	11.411	12.3772	12.7969	12.5343	12.2476	11.5897	12.4831
Q6WKZ4	10.7339	9.31515	10.0451	9.09803	10.2125	10.4903	9.73386	8.66	9.82416	9.32755	9.80413	10.1389	9.65015	10.3387	9.93517	9.85798	8.56796	10.0077
Q6XZF7	10.3794	9.7879	10.0741	10.5517	10.5897	10.9218	10.1799	10.1849	10.5421	10.7372	10.6546	10.8665	10.1293	8.20457	9.65105	9.53722	7.80735	9.25974
Q6Y7W6	11.2929	9.39017	10.1137	8.15987	10.944	9.88722	10.1849	10.1241	10.6609	11.8576	10.9571	10.9196	9.49586	9.99718	10.4273	10.2562	10.2691	10.8082
Q6ZN04	8.95128	10.0168	9.88722	6.49185	10.0647	9.19476	10.3542	9.63844	4.32193	10.2923	3.32193	10.102	10.1059	10.7415	10.2796	10.1923	9.74147	9.98014
Q6ZN16	7.57743	5.90689	7.78136	5.90689	7.14975	5.64386	6.90689	6.90689	6.90689	7.85798	7.7879	7.40939	7.64386	8.22882	7.32193	8.13955	7.91289	4.90689
Q6ZNJ1	9.08481	8.75822	9.65284	9.17991	9.87344	9.01681	9.09276	9.66178	9.09276	8.51175	9.55459	10.115	9.48784	10.8305	10.2981	9.01123	7.49985	9.63118
Q6ZT98	7.91289	7.22882	7.96578	6.90689	8.08215	8.93958	7.71425	6.49185	7.84549	8.54303	6.91886	8.64746	8.40939	7.64386	8.18488	7.22882	7.40939	8.2384
Q6ZV73	11.041	9.91737	10.0728	9.41363	9.8009	9.60548	10.4094	9.75822	7.33985	9.78136	10.0512	9.97728	10.643	9.85487	7.71425	10.7296	6.64386	10.6821
Q6ZV89	8.8857	8.46761	8.08746	9.26679	9.71253	10.2216	10.0485	7.85798	9.48583	9.39017	7.98299	8.69697	8.66534	8.29462	9.79604	4.90689	8.33539	9.42626
Q6ZW31	13.343	12.1614	12.2863	12.6587	13.0217	12.9826	12.7292	12.0018	12.736	12.4656	12.848	12.74	12.1929	12.8279	13.2577	12.2116	11.5113	12.7822
Q6ZWE6	9.55651	9.8392	8.92778	10.0042	9.81698	9.50383	9.55842	9.04712	9.2738	9.91439	8.18982	9.74819	9.35094	9.47168	10.7151	9.66178	4.90689	8.70736
Q70EL1	10.1396	8.69349	8.96	9.06609	9.66534	9.54882	9.86109	7.98299	9.27845	9.76984	9.64746	8.92184	9.17742	9.29921	9.60548	9.87036	8.80413	9.14975
Q70EL4	9.77643	9.03892	9.13955	8.49586	9.09276	9.33985	9.26209	8.53916	9.33539	9.72962	9.31288	9.87344	9.16239	8.98014	9.77643	8.79116	7.90689	9.37721
Q76I76	10.2946	6.12928	10.9809	9.54303	8.83289	10.4409	9.60733	4.90689	6.32193	11.1053	7.14975	6.64386	8.30378	10.3554	10.7838	9.21917	5.32193	4.32193
Q7KZI7	12.4605	12.0355	11.8388	11.9633	12.1225	12.4843	11.9553	11.545	11.905	12.906	12.3281	12.0941	11.7271	12.1196	12.2917	11.9396	11.5023	12.2049
Q7L576	12.1734	12.3004	12.0458	12.128	12.643	12.5483	12.8394	12.5179	12.7237	12.4041	12.5013	12.4663	12.5582	12.1935	12.4843	12.5575	12.4218	11.4003
Q7L7X3	11.2819	8.80735	9.43254	10.9337	9.10591	10.764	6.94251	10.6671	8.73471	10.2082	9.89178	9.83605	9.18735	9.8392	9.17991	11.2969	9.61471	11.4564
Q7L804	9.45533	9.48985	8.42626	9.22641	9.72281	9.0634	9.60918	8.46761	8.66534	9.06609	8.57743	8.92481	8.73132	9.38586	8.98868	9.98726	8.82972	8.7211
Q7L8J4	10.6786	10.568	10.1434	10.6156	10.7288	10.1561	10.4676	10.1293	10.2819	10.5755	10.2396	10.255	10.7185	10.8765	10.4284	10.8329	10.944	10.4073
Q7RTV0	11.1972	10.0607	10.255	10.973	10.5078	10.7985	10.1911	10.7624	10.7415	10.8297	10.4919	10.5765	9.9542	10.744	10.3912	10.9106	10.6609	10.6064
Q7Z2Z1	10.062	8.14466	9.94105	10.6519	10.6812	9.63844	10.3674	12.1718	9.32193	10.0768	9.93664	9.96434	7.91886	13.2574	9.81538	6.32193	13.0637	8.87036
Q7Z309	13.2981	13.5479	13.0137	13.2665	13.1889	13.9119	13.0886	12.8404	13.0039	12.395	12.6569	13.1978	13.8304	13.2718	13.5521	13.6633	13.6502	12.7172
Q7Z3C6	12.25	11.6913	11.395	12.6355	12.7916	12.3969	11.9106	12.1589	12.5392	12.3061	12.2064	12.4365	12.4155	12.4843	12.3351	12.6216	11.7478	11.902
Q7Z401	10.2033	9.01123	9.87191	8.29002	9.03617	8.90087	8.9542	7.90689	9.49185	10.7262	9.93369	9.53916	9.81218	10.0362	10.8154	10.3219	9.94691	10.2668
Q7Z460	13.1307	12.5336	12.4102	12.7254	12.1257	12.7162	12.7387	12.6558	12.8265	12.6062	12.9833	12.5377	11.92	12.8733	12.6432	12.7812	12.263	13.01
Q7Z6B7	4.93074	5.32193	6.97154	6.03342	8.19476	7.88264	7.54303	6.72792	7.33539	6.85175	8.32867	7.56986	8.21189	8.19229	7.82337	6.91289	6.57743	7.12928
Q7Z6J0	8.80413	6.78136	7.71425	7.02237	6.90689	7.40939	6.90689	6.78136	7.13955	8.19967	8.45943	8.50779	8.66534	9.20212	9.09011	8.7039	7.96578	8.37069
Q7Z739	10.332	9.03892	8.82337	10.7279	10.7474	10.1972	8.92778	9.66178	8.42626	8.96	10.352	7.92481	9.87344	7.49185	9.63662	8.96	7.85798	9.77314
Q86SQ0	9.20457	8.77808	10.207	9.69697	9.61655	9.07682	8.98014	10.6582	8.42626	9.10329	9.61102	8.65105	6.79442	7.40939	7.79442	9.32643	7.56986	8.85175
Q86TI0	8.98584	8.14975	7.57743	8.43045	9.01402	9.15735	8.83289	7.58496	8.69697	8.47573	7.49185	8.9571	9.34651	9.14975	9.83447	9.2503	8.59619	9.1267
Q86UD0	11.5137	10.1874	8.43879	10.0154	11.5445	9.79604	13.605	7.97154	9.69	9.74147	9.30378	11.6022	8.59246	10.9337	9.04166	14.4874	9.45943	10.6546
Q86UR5	11.0861	10.2586	10.7406	11.1561	11.0417	10.3707	10.6715	10.4788	10.6202	10.749	10.3509	10.6303	10.8719	10.4481	10.4757	11.0941	10.6961	10.6421
Q86V48	10.9181	10.1674	10.3106	11.0307	11.0258	10.3276	10.809	10.4388	10.2715	11.1668	10.5831	10.3465	10.7211	10.6046	9.9901	10.7022	10.3587	10.0539
Q86VM9	7.13955	5.90689	7.98299	9.12412	8.33985	9.33985	7.85175	7.25739	7.56986	8.30378	8.41363	8.75489	7.72792	8.92481	9.22641	7.41785	9.01681	9.20457
Q86VP3	10.6707	9.55459	10.1396	10.1812	10.5887	10.6511	10.3707	10.0417	10.062	10.8719	10.7482	10.8486	10.3117	11.0014	10.7507	10.4767	10.102	10.5392
Q86VQ1	11.7727	11.0728	10.9237	12.1386	11.4231	11.2282	11.602	10.6119	10.8815	11.8061	10.9333	11.2261	11.4131	11.5147	11.3731	11.4752	11.0891	11.4939
Q86VR2	13.4102	12.6398	12.6179	13.2181	13.8728	13.9294	12.7311	12.7332	12.58	12.5297	12.5948	12.7358	14.3518	10.3945	13.9368	12.1926	13.6468	12.8736
Q86W92	10.8865	10.1923	10.0553	10.8933	10.0098	10.8431	10.3151	9.31741	9.65464	10.6092	10.4115	10.4676	10.2538	10.1254	10.4336	9.5411	9.94251	10.032
Q86X02	12.2758	12.3018	11.905	9.27845	9.46964	9.96	10.446	11.2143	12.0296	9.57175	11.5162	11.5915	7.58496	12.9183	12.8742	12.9341	12.0492	11.3208
Q86X27	15.3987	15.2333	14.9065	15.3261	15.3472	15.1739	15.1577	14.8102	14.9726	15.1857	15.131	15.2188	15.105	15.2824	15.0684	14.7869	14.8198	14.9325
Q86X29	14.0587	13.3667	13.4448	14.2164	14.2289	13.9932	13.5163	13.3041	13.5996	13.2172	13.1867	13.1798	12.9833	13.5624	13.7469	13.4506	13.6125	13.9833
Q86YD1	12.6113	13.0176	12.1966	11.8416	12.1129	12.0255	11.9396	11.5275	11.7421	11.654	11.7678	11.8809	12.1808	12.2518	12.2435	13.0032	12.8024	12.118
Q86YF9	9.1267	7.33092	8.46761	9.14211	8.7039	9.63662	8.3837	7.66534	9.07414	9.07146	8.65821	9.41363	8.5157	9.69	9.88722	7.65821	8.15987	9.84862
Q86YM7	13.0509	12.9454	12.3032	12.4123	12.818	13.3611	12.1699	11.5172	12.2706	12.8711	11.9388	12.5601	13.8741	14.0996	14.5523	13.7695	13.4017	12.5314
Q86YS7	9.25267	9.19229	8.25267	11.5507	8.45943	8.43045	11.7245	7.49985	11.6284	8.58871	8.50383	8.09276	12.0351	8.91588	9.51964	11.4944	11.5882	10.9708
Q86YV5	10.6375	9.93074	10.2656	11.098	10.7013	10.7846	10.5285	10.4656	10.5831	10.9643	10.314	10.6348	10.7432	10.6027	10.9256	10.3365	10.3945	10.6266
Q86Z20	10.4126	10.9016	10.268	10.2058	11.1202	10.9915	10.5793	9.85643	10.4147	10.2372	10.6046	10.927	10.7748	10.9069	10.6294	10.9256	10.7142	10.7952
Q8IUD2	10.1662	7.49985	9.45327	10.7356	10.6073	10.4481	10.4988	10.0593	9.52943	10.1176	9.53333	10.7912	10.6046	10.5793	11.0573	10.5507	9.32867	10.3902
Q8IUI8	10.6839	10.0715	10.4919	10.783	10.8681	8.19967	10.7838	10.1762	10.3242	10.3945	9.88722	10.5255	10.2703	10.151	10.4767	10.5353	9.62936	10.3432
Q8IVT5	11.4009	10.7313	11.0768	10.4073	11.3902	11.9586	11.6041	10.8025	11.3614	10.7339	11.1007	11.4732	10.5147	11.2779	11.3471	10.8595	9.84862	11.2396
Q8IW35	9.94105	8.62571	8.80413	9.69	9.74987	9.16993	8.82655	8.69349	8.98299	9.78627	8.65821	8.92184	9.11114	9.30834	9.17493	9.31741	8.98014	6.91886
Q8IWC1	10.6466	9.9901	9.53138	10.207	10.363	9.64566	10.3443	9.3443	9.81858	10.4553	10.1007	10.4969	10.1911	9.98584	10.6393	10.2562	9.92778	10.6165
Q8IZ21	13.9401	13.4512	12.6264	13.4588	13.4573	13.3723	13.1513	12.5946	12.9233	13.0652	13.4684	13.2356	13.935	13.9829	13.6325	13.8273	13.858	13.5691
Q8IZD4	7.90689	7.57743	4.90689	5.90689	5.90689	5.64386	6.12928	7.22882	7.90689	6.49185	6.32193	7.84549	7.02237	8.56986	8.57743	7.02237	7.12928	7.97154
Q8N122	10.5746	9.64926	9.35975	11.2198	10.6402	10.4656	11.0021	10.1124	10.1911	9.81538	10.0593	10.4959	10.5925	10.3242	10.5641	10.7245	10.1215	10.3465
Q8N1W1	11.1497	10.1434	10.6036	10.6321	10.7574	10.6883	10.2819	9.80574	10.2155	10.5622	10.6366	10.7347	10.1561	10.7406	11.183	10.567	10.4818	10.4969
Q8N350	12.2033	11.7922	11.3143	11.7151	11.6786	11.6202	11.6757	11.5746	11.4984	11.7317	11.5897	11.6793	11.5316	11.8402	11.7914	11.0272	11.837	11.6656
Q8N3A8	9.07146	8.65105	9.00843	6.78136	8.67243	9.66178	8.66178	8.8857	8.86419	10.4378	9.85487	9.62936	8.69697	9.85019	9.91588	7.79442	8.69697	9.35094
Q8N3C7	9.51175	9.1472	8.62571	9.3837	9.98584	9.68124	10.5058	9.05257	8.03892	8.9629	9.09011	10.2715	8.9542	10.0375	10.6564	9.66711	9.25503	8.87036
Q8N3F8	9.43671	8.91886	9.12153	9.17742	9.32418	9.7879	9.62205	9.43045	10.1293	9.21189	8.90087	9.91139	8.84235	9.25503	9.5157	9.07682	9.27612	9.2503
Q8N5F7	10.0238	9.98726	11.2894	11.0485	9.92184	10.1459	10.8041	10.4584	10.3129	11.4357	10.5689	10.5236	9.41996	10.3163	10.6821	9.88874	9.18488	9.81057
Q8N5S9	11.8636	11.2574	10.3565	12.1123	12.2784	11.8527	11.5828	11.5582	11.4388	11.8781	11.596	11.6253	11.9674	11.9495	11.7296	11.841	10.9862	11.6991
Q8N684	9.60177	8.98584	9.77643	8.73132	9.59805	9.74819	9.0954	9.62388	9.40514	8.29002	8.19967	9.89482	9.6987	9.86264	9.68299	8.43045	9.84862	8.39232
Q8N6Q3	10.5999	10.6821	10.4959	11.3066	11.9012	11.0546	11.2113	10.3815	10.7099	10.8025	10.5718	11.4194	9.71939	10.8114	10.7296	10.7022	10.4635	10.3641
Q8N7R7	13.5845	13.1867	13.222	13.6355	13.4831	13.5063	13.4573	12.9149	12.8521	13.6587	13.0295	13.1992	13.3615	13.164	13.852	13.3624	13.0429	13.4404
Q8N8E3	7.79442	11.7694	11.3465	12.2393	12.7179	12.1839	11.851	10.5812	11.1966	12.1447	11.3896	11.9564	9.55459	12.762	13.2222	12.6396	12.7534	11.5507
Q8NC51	9.75322	8.64746	7.03342	8.69	8.49985	9.11114	8.94251	7.56986	9.13699	9.633	7.33092	9.13443	6.90689	7.56986	8.71768	9.39874	8.07682	8.7211
Q8NCA5	11.1805	10.4189	9.80413	10.6768	10.5285	9.69	10.5859	10.3163	9.36413	10.4491	10.5953	10.6064	10.7151	10.5265	9.78953	10.9174	9.90238	8.46352
Q8NCJ5	12.1482	11.7134	10.9181	10.7074	11.1196	10.9129	10.817	10.1898	8.633	11.4115	8.76487	11.0492	11.2603	11.9035	11.5713	10.5127	10.716	11.4838
Q8ND76	12.7758	12.4722	12.4888	13.032	12.3587	12.7793	11.2306	12.0369	9.94544	12.2512	12.6032	12.1938	13.2734	12.8437	13.2299	13.447	12.9692	12.5194
Q8ND83	9.07146	7.14975	9.64386	10.4858	9.85643	9.633	9.86728	8.14466	10.1911	9.45533	9.24793	10.6786	10.2796	9.97585	9.90238	9.69697	9.55075	9.8009
Q8NDZ2	11.5793	10.6555	10.014	9.57554	10.6138	10.1176	9.63118	10.2131	9.73132	10.9263	11.1874	11.2009	11.2814	11.4278	11.2668	11.3614	10.0417	11.388
Q8NEB9	11.6746	8.76487	9.91289	10.683	6.65821	9.78136	8.89482	9.53138	10.7574	8.85487	8.5812	8.39232	10.1984	11.381	11.3772	10.69	11.2877	10.4798
Q8NEM2	12.6039	11.6027	11.6865	12.0751	11.9381	11.6935	12.0888	11.5755	11.5401	11.8309	11.9498	11.4414	12.0348	12.3476	12.0158	12.0338	11.8162	11.6119
Q8NEV8	9.95855	9.98868	9.36632	9.41574	8.9629	10.0967	9.6987	9.69697	9.70044	9.39232	9.82814	9.9542	11.2282	8.9571	10.3454	11.03	9.92778	10.4988
Q8NEY1	7.82655	8.67596	8.87958	9.86651	10.4051	9.6027	4.64386	8.5216	8.08746	8.56415	8.94983	9.53236	6.24793	8.42626	8.39874	4.64386	7.37069	8.62022
Q8NFG4	10.927	10.314	10.3576	10.1712	10.4252	10.7245	10.2831	10.4105	9.70736	9.20457	9.64566	9.47371	10.4115	10.7773	10.7423	10.268	10.0715	10.0348
Q8NHG8	12.5221	12.6926	12.0182	11.23	10.6733	10.3998	11.207	11.3756	11.1408	11.7838	11.6667	11.8206	12.9663	12.6165	12.4546	13.037	12.3454	11.8956
Q8NHQ8	11.1954	11.5637	10.0498	11.1085	11.2691	11.6041	11.4767	10.5953	10.84	10.5392	9.36632	10.96	12.372	11.8262	12.2207	12.1222	11.7381	10.9091
Q8TAF3	11.3998	10.8903	10.3387	11.2058	11.5324	11.8723	11.4645	10.7228	11.2923	11.6693	11.5103	11.5527	11.4522	11.6874	12.3619	10.9665	10.7168	10.6411
Q8TBB1	10.1523	10.3174	9.783	11.2831	10.5285	10.2691	10.7313	10.5878	10.2923	10.4136	10.633	10.5507	10.6165	10.9801	11.058	10.151	10.6357	9.94544
Q8TBC3	16.5702	15.8902	15.8947	17.183	17.125	16.616	16.3483	15.8849	16.2089	16.5238	16.2833	16.3275	15.3035	15.6178	16.2334	14.7575	15.2077	16.075
Q8TCT9	9.10852	9.86109	9.44915	10.1434	9.85175	10.2854	9.64566	8.18488	9.35535	9.65284	9.55075	9.7879	10.1293	10.1787	10.3891	9.93074	9.71596	7.65105
Q8TD55	10.9823	10.0279	9.72281	10.1163	10.4491	10.683	10.1447	9.10591	9.41785	9.56033	9.07682	9.49586	9.5812	10.4083	10.8065	10.9076	9.67419	10.5401
Q8TDM6	9.38154	9.02791	9.0954	9.70217	8.92481	7.81378	8.9542	7.49985	8.15482	9.97871	7.72792	8.79766	8.15482	8.76155	9.01681	8.45943	8.46761	8.54689
Q8TDY2	12.5812	12.0607	11.973	11.6073	11.7723	10.9866	11.4863	11.6004	11.8238	11.6152	11.8094	11.4073	11.2125	12.0536	12.3332	12.1	11.1793	12.4378
Q8TEH3	9.85487	9.65284	9.2503	9.47371	10.2621	10.0755	9.94837	9.633	10.0265	8.64746	9.34873	9.77314	9.64386	10.0084	11.0417	9.88417	9.35315	9.3443
Q8TEJ3	11.2562	10.9694	10.7202	10.1267	11.0928	11.1586	11.0546	10.5236	11.062	11.2703	11.1248	11.3886	10.7339	11.1389	11.4263	10.7313	10.7022	10.5718
Q8TER5	9.28309	8.42206	7.86419	10.9388	10.8494	10.5226	7.86419	8.25267	8.73132	8.59619	7.14975	9.8933	11.0021	9.12928	9.80896	10.7977	10.4336	9.94251
Q8TEW0	14.8414	14.6069	14.551	15.1843	14.9392	14.735	14.9527	14.2353	14.4793	14.5962	14.7672	14.5915	14.6102	14.9194	14.6342	14.7542	14.5023	14.8276
Q8TF40	5.32193	4.90689	7.40939	6.49185	7.33092	7.92481	7.32193	3.32193	7.7211	8.19476	5.64386	5.32193	7.91289	7.78136	7.02237	6.32193	4.32193	5.90689
Q8TF72	9.87114	9.71939	10.1954	6.85175	9.02652	10.4325	9.45327	8.57175	10.2125	7.91886	9.66445	9.40833	8.80574	9.76487	9.71253	9.74903	8.73302	10.3236
Q8WUI4	12.737	12.3256	12.1424	12.6629	12.6622	12.8297	12.6087	12.1121	12.5522	12.9769	12.7385	12.9571	12.7389	12.6746	13.1596	12.5401	12.4704	12.6981
Q8WUW1	10.1699	8.76155	9.17493	9.45533	9.63481	9.96145	9.74315	8.70736	9.73809	9.82337	9.70736	9.45327	9.47168	9.98726	9.55267	9.43463	9.25974	9.67948
Q8WUY9	11.4388	12.9809	9.56605	12.8445	12.7962	12.4372	7.24793	8.35315	8.93074	12.3587	8.9571	12.5008	12.0684	9.91289	9.37287	12.9871	12.7252	12.5277
Q8WWI1	11.7194	11.1402	11.2258	11.4773	11.6693	11.2609	11.8895	11.1215	11.6239	12.0705	11.6636	11.6334	11.1743	11.5981	11.5953	11.0681	10.9491	11.7936
Q8WWL2	9.74147	8.49586	8.73471	8.51964	7.97154	8.62936	8.80413	8.55075	9.39017	7.86419	8.83605	8.96578	8.53916	10.5187	9.69697	10.3554	9.31061	10.9837
Q8WXF0	10.6027	10.1497	9.20457	7.85175	9.22641	9.61655	9.98868	8.80735	8.87036	10.2633	10.1948	8.98584	8.43463	9.51373	8.93369	9.44087	8.65821	9.27612
Q92499	9.32643	7.91289	8.91289	7.56986	9.43254	9.91886	9.10591	8.61471	8.99718	9.30606	9.25503	9.26209	8.45533	9.37069	8.82337	7.78136	8.02237	8.17991
Q92538	9.2738	7.65105	7.56986	9.45738	9.40727	6.90689	9.60548	9.62388	8.37504	9.42417	7.91886	8.33985	10.3761	7.97728	7.98299	9.45533	9.77972	8.62571
Q92539	11.1984	10.5068	10.2831	10.3912	10.2796	10.6366	10.6698	9.85953	10.4094	10.3498	10.3685	10.2796	8.81378	10.8803	10.4346	10.9542	10.7237	11.041
Q92558	8.49985	6.90689	7.22882	5.64386	7.49985	9.09276	8.13955	7.12928	7.7879	8.85175	8.13955	8.03342	8.37069	8.54689	8.91588	7.22882	6.78136	7.97728
Q92569	12.1984	11.5464	11.4959	11.5211	11.0828	11.7553	10.9418	10.6978	11.4294	11.8792	11.8971	11.994	12.265	12.4949	12.7676	12.2636	11.9352	12.2524
Q92574	14.2244	13.8598	10.1189	13.0274	8.87958	12.8992	14.0122	13.4006	13.4651	13.6577	13.7872	13.6582	13.8708	14.3013	6.65821	14.5303	14.1133	14.5229
Q92576	8.50383	7.03342	5.64386	6.32193	7.12928	7.97728	7.98299	7.41785	8.76155	8.24317	7.85175	7.40939	7.13955	8.33539	8.08746	8.08746	6.78136	4.90689
Q92609	8.98014	7.22882	8.14466	7.03342	9.69523	10.3794	8.89178	7.97154	9.33985	9.54496	9.44708	9.21675	7.57743	9.08746	9.46761	7.15987	4.90689	9.33316
Q92614	9.19722	9.19229	9.19229	9.47776	9.35755	9.24317	9.68124	9.14975	9.27146	9.65105	9.65642	9.76653	8.76818	9.62022	9.47371	9.17742	9.13955	9.52552
Q92616	10.5897	8.62205	9.56986	6.64386	9.31288	10.3685	8.54303	8.13955	9.67596	8.42206	9.92333	10.2644	8.46352	10.2444	10.4336	9.05257	8.86109	8.9571
Q92622	11.9697	11.5589	11.4184	11.5939	6.64386	11.5817	11.3526	11.3945	12.0049	7.12928	11.5226	12.0577	8.18488	11.8146	6.79442	5.32193	7.2384	12.1966
Q92625	13.7689	12.9236	12.8965	13.6804	13.4451	13.4997	13.4142	12.4695	13.306	13.7197	12.7667	13.3525	13.3778	13.3229	13.8661	13.5034	13.1021	13.8657
Q92643	8.92481	8.89178	8.13955	8.97154	8.52748	9.50978	8.69	8.14975	8.13443	9.11114	8.9571	8.79116	8.50383	8.61471	8.97441	8.62571	8.45943	8.47168
Q92934	13.3095	12.923	12.6839	13.2397	13.3515	13.2822	13.3171	12.6234	13.0336	13.0418	12.9504	12.9328	13.6175	13.4115	13.4244	13.3978	13.0084	13.0063
Q92974	11.5353	10.9578	10.8106	11.7026	12.4265	12.6357	11.3778	10.314	11.3891	11.9524	11.3089	11.9651	10.7748	11.4502	12.1092	10.7781	10.4346	11.5661
Q93008	11.286	10.7764	11.2021	11.1799	10.8408	10.7616	10.8106	10.8742	11.137	11.4083	11.567	11.3404	11.6622	11.4974	10.9506	11	10.4788	10.8719
Q969G3	11.2021	9.51964	12.1411	13.5943	10.5603	11.8887	11.4732	12.4674	11.7432	10.2819	12.0818	10.8384	10.8727	11.6022	10.6636	11.899	9.73978	11.5003
Q969H0	8.47168	8.55459	8.08746	6.49185	4.90689	7.56986	6.12928	3.32193	8.08215	8.47573	8.20457	8.09276	8.08746	8.59246	8.43045	8.77149	8.08746	8.43463
Q969J3	6.32193	4.90689	6.49185	8.09276	6.32193	7.49185	7.33092	6.32193	6.49185	6.32193	7.56986	6.65821	7.40939	6.32193	6.78136	6.64386	5.64386	5.90689
Q96B36	10.6865	10.5536	10	7.65105	8.03342	8.75154	10.4625	9.54882	9.58308	10.4737	10.4083	10.1737	10.8642	11.2802	10.9181	10.8305	10.4656	10.3696
Q96D09	9.49185	8.69697	8.37938	9.20701	9.41996	9.46964	9.48583	9.01959	8.93369	8.59246	8.19967	9.57554	9.0954	9.6987	8.66888	9.16239	8.34873	9.90238
Q96DY7	8.49985	7.84549	7.56986	8.40939	8.23362	7.40939	8.23362	7.71425	7.56986	7.65821	7.56986	8.37504	6.90689	6.78136	8.2854	5.90689	6.49185	7.12928
Q96F07	9.91737	9.09011	9.34873	9.64205	9.32193	9.87344	9.83763	9.24793	9.65464	10.0417	9.55651	10.007	9.36851	9.1472	9.51767	9.224	9.01402	8.74147
Q96F86	13.2713	13.0532	12.5036	11.4574	11.9031	11.0901	11.9166	11.6239	11.7258	13.1596	12.9039	12.1131	13.5135	13.6742	13.4638	13.2979	13.2825	13.1418
Q96FS4	9.26327	8.38586	8.73132	7.96	9.24317	8.06878	9.47472	7.92778	8.07682	9.95928	8.77149	9.45224	10.0848	10.6742	10.5512	10.6022	10.0084	9.80171
Q96GV9	8.3443	8.75154	8.40939	3.32193	7.02237	7.90689	7.56986	7.02237	7.84549	8.92481	8.37069	9.11114	7.50779	8.53528	8.6865	7.85175	7.84549	8.08215
Q96HP0	9.00843	7.33985	7.87036	7.13955	8.74147	8.14975	7.65821	8.42206	7.65821	7.2384	7.91886	8.04439	6.32193	8.18488	7.86419	6.32193	7.41785	7.22882
Q96HR8	9.13955	8.32643	9.41996	7.22882	8.41363	9.69	8.53916	8.54303	8.46352	9.59432	8.50383	9.33092	8.53916	9.39874	9.94983	8.5812	7.49185	8.45943
Q96HS1	11.1668	10.9944	10.8114	11.3259	11.0505	10.9374	11.2819	11.0077	11	11.749	11.3454	11.1611	11.411	11.3123	11.3701	11.5736	10.941	10.4502
Q96II8	10.1997	8.95128	9.03067	9.55075	8.73132	8.85487	8.73471	8.81698	8.75822	9.31741	8.79116	9.40727	8.9542	9.0607	9.4818	9.58871	8.88874	8.51175
Q96IZ0	7.81378	9.17243	8.98014	9.224	8.91886	8.80413	8.61839	8.91886	8.3837	6.67243	9.08746	9.01681	8.09276	8.24317	8.79766	8.29462	7.97728	8.19967
Q96JH8	9.34207	8.66178	8.92778	9.1267	8.98584	9.89633	9.32643	8.66178	9.224	9.64566	9.38802	9.55459	9.84078	9.66711	10.3826	9.76653	8.85798	9.35535
Q96JN8	12.4271	11.6649	11.8333	11.6777	12.3548	12.06	8.19476	11.3647	11.7245	11.6325	11.4351	11.6389	8.39232	11.6587	11.5985	11.6931	9.31515	11.7035
Q96KP1	8.3966	8.19476	7.03892	8.47573	8.40088	9.13443	8.17243	7.45943	9.05393	9.04029	8.22159	9.29117	8.8857	9.64566	9.56129	8.97441	7.89178	9.03755
Q96L34	10.8887	10.0334	9.71939	11.1066	11.1561	11.1299	10.3945	9.57932	10.3826	10.1624	10.4757	10.8742	9.81698	9.75322	10.9866	9.88874	9.80574	10.5459
Q96N16	7.93074	6.49185	7.85175	6.64386	7.97154	7.84549	7.65105	7.84549	7.84549	8.08215	6.78136	8.13443	8.99718	8.18982	7.84549	8.85175	7.02237	11.5985
Q96N67	9.9263	7.97154	6.12928	9.39874	9.29921	9.56605	10.0967	8.41785	9.02791	9.89482	8.41785	7.40939	10.2656	9.62205	10.0861	7.32193	8.57743	9.22159
Q96NE9	11.7345	11.0583	11.5459	11.5389	11.4375	11.4284	11.279	11.8285	11.3756	11.3955	12.1381	10.9084	11.6175	11.9757	11.9947	11.1251	11.0192	11.6618
Q96NU1	10.7237	9.34207	8.5812	5.64386	9.12153	10.1176	8.88874	9.39446	9.67066	8.97154	8.24793	9.19476	10.5915	10.6083	10.9016	10.4419	10.0028	9.24317
Q96P47	9.56796	9.31515	8.46761	9.0954	9.61839	9.46761	8.66534	8.89482	8.36632	9.43879	9.01402	9.20457	9.81378	8.92778	9.29462	6.90689	8.43045	9.00282
Q96P70	9.92035	8.87036	8.69349	9.27845	9.23122	8.93369	8.10329	8.66888	8.59246	9.18735	9.30378	9.26913	8.33539	9.39232	9.70044	9.59805	9.14466	9.72792
Q96PE2	12.3872	11.4988	11.5637	13.0766	12.6398	12.2559	12.6216	11.8494	12.1277	12.851	12.1344	12.4027	11.9454	11.9794	12.0792	12.0088	10.9723	12.1427
Q96PU5	10.1046	9.25503	9.17243	9.11894	8.82972	8.33092	8.88874	8.80735	8.54689	9.80735	9.88111	8.74483	10.2889	10.7773	10.4147	9.87498	9.51767	9.7211
Q96PV0	9.66356	8.2854	9.53916	8.76818	9.26444	9.09276	9.33092	8.73471	8.54689	9.90989	8.86419	9.84706	9.73809	9.11894	9.31061	10.2324	7.78136	9.70908
Q96PY6	13.9983	13.6558	13.4401	13.8714	14.1007	13.6115	13.7471	13.6131	13.5022	13.5447	13.9223	13.7592	14.3575	14.1897	13.9661	14.0123	13.403	13.6582
Q96Q42	8.77808	8.09803	7.02237	9.10329	8.47168	8.32193	9.07682	8.09276	8.37069	5.32193	7.92481	7.84549	7.04439	6.65821	6.79442	6.12928	7.97728	7.22882
Q96QB1	4.90689	9.36413	9.39446	10.1007	9.12928	9.47371	9.80413	8.69697	9.42836	10.3707	10.1215	10.0444	9.65105	10.4645	9.81057	9.98157	9.18488	9.90689
Q96RK0	13.3443	11.5236	10.7271	11.381	11.2668	11.0203	11.2294	11.0539	11.445	11.9451	11.403	10.933	11.5765	11.5231	11.2149	12.4722	12.116	11.5551
Q96S53	11.4252	12.1709	11.7004	11.4651	12.2932	11.6348	11.5512	11.7309	11.5665	12.7746	12.0688	11.6115	12.043	11.8017	12.2811	11.1542	12.0841	10.5401
Q96ST3	9.59432	9.59619	9.17991	9.97011	9.7879	9.51964	9.51373	9.34873	9.39232	9.86728	9.15482	9.2854	9.59432	9.80735	8.83289	9.59991	9.37069	9.55842
Q96ST8	5.90689	4.32193	6.90689	8.17991	6.49185	6.12928	7.03342	4.90689	7.64386	6.90689	3.32193	6.14975	7.85798	4.90689	7.92481	8.02791	6.12928	8.37504
Q96TC7	7.02237	5.64386	6.32193	7.79442	7.65105	7.49185	8.8857	8.32643	7.32193	8.85487	7.97728	7.13955	7.22882	7.40939	6.79442	7.12928	7.57743	6.64386
Q99570	11.6041	10.6312	11.2615	11.8669	11.2015	11.4974	11.4507	10.749	10.5147	11.6193	11.6461	4.90689	12.1501	12.1596	12.0641	11.6506	11.5387	11.5445
Q99575	8.54303	8.98014	8.7211	9.28309	8.58496	8.58871	9.42626	8.79766	8.18982	9.31288	9.51767	9.05528	8.43045	8.2384	7.85175	8.65105	8.6865	7.97728
Q99622	10.3208	9.40621	9.26679	9.47675	9.86805	10.2562	9.52258	9.14593	9.82893	10.1	9.43879	9.90313	9.54303	9.34762	9.68912	9.57365	8.9901	9.2854
Q99640	8.53528	4.90689	6.78136	4.90689	7.91289	8.41363	7.49185	6.12928	7.91289	7.56986	7.41785	7.02237	7.90689	5.32193	7.40939	6.32193	5.90689	8.36632
Q99683	11.412	10.3163	10.0634	11.4105	12.1364	11.6826	11.227	9.95128	11.1867	10.5765	9.36632	10.9944	11.2568	11.5241	11.7719	11.7052	11.0526	11.1737
Q99698	6.12928	8.57743	8.75489	8.73132	9.51767	6.50779	7.97154	8.93074	9.0954	6.49185	7.32193	6.64386	5.32193	9.85487	9.89633	7.22882	9.29921	7.33092
Q99714	11.3493	11.7499	10.9643	11.3548	11.3821	12.1389	10.9447	10.8887	10.5255	11.0708	10.716	10.7822	11.6843	11.1059	10.8564	11.9043	11.1929	10.4553
Q99759	9.79442	8.33539	9.68825	7.98299	9.41785	10.1561	9.01681	7.7879	8.42206	10.0042	9.64566	9.67596	9.01681	9.78953	10.2192	9.07948	8.49586	9.51964
Q99959	13.3525	13.258	12.9776	13.3042	13.5281	13.1613	13.3098	13.0846	13.2929	13.0212	12.8731	13.1852	12.2524	12.7694	12.9052	12.822	12.6954	13.0631
Q9BPZ7	12.9136	11.7039	12.7609	13.1875	13.288	13.1852	13.1472	12.7417	12.7893	13.1389	13.0529	13.563	13.3098	13.5187	13.4384	12.9922	12.8408	13.1699
Q9BQ70	10.7698	10.4808	10.1712	10.2204	10.1812	10.0307	11.4558	11.0126	9.41996	10.4969	10.314	9.96578	9.84235	10.6083	10.4988	10.6036	10.2656	10.7322
Q9BQK8	8.92184	10.4564	9.45943	8.9542	10.4533	10.1267	10.5078	9.70044	10.3509	9.35755	10.4696	10.2633	8.89178	10.1712	8.65821	10.0485	8.88874	10.4522
Q9BRK0	12.3009	12.3471	11.683	10.5555	11.7377	12.7119	11.5241	10.8463	11.7228	11.6957	11.6371	12.2441	12.6085	12.7389	13.5677	12.4934	12.1189	12.0868
Q9BRK4	11.8142	11.8353	11.3493	12.098	9.43463	11.8975	10.275	11.3354	11.0647	11.8234	11.6375	11.9065	11.3214	12.3191	12.6533	12.1434	11.3371	12.1095
Q9BSJ2	9.80252	9.47168	9.70217	10.2312	9.64566	9.76155	9.22641	8.72792	4.32193	9.71768	10.1874	4.32193	10.0715	10.0701	10.3231	9.89178	9.04712	9.97011
Q9BST9	11.6243	10.3049	10.4009	7.2384	10.2021	10.3038	10.2633	10.3805	10.29	11.0688	10.2396	9.1267	10.2562	9.97871	10.7322	10.6891	9.93221	10.1724
Q9BTC0	6.32193	8.2384	8.41785	7.57743	8.79442	7.64386	8.79766	7.7211	8.46352	9.21675	8.53916	6.32193	8.91588	5.64386	7.02237	9.33092	4.90689	8.2854
Q9BTN0	8.89482	8.24317	8.49185	7.84549	8.89482	4.32193	6.12928	8.37504	8.92184	8.62205	8.8857	8.45943	8.18982	5.90689	6.12928	6.12928	8.41363	9.23122
Q9BVC4	11.2906	10.9564	10.5859	11.5132	11.2312	10.7039	11.4712	10.599	10.8122	11.0855	11.2906	11.2137	11.3309	11.5627	11.3482	11.0815	11.1787	10.933
Q9BVG8	7.33092	6.78136	4.90689	7.50779	7.50779	6.12928	7.49185	4.90689	6.78136	5.90689	6.64386	7.33092	6.78136	6.49185	5.64386	5.32193	3.32193	6.90689
Q9BWT7	8.47978	7.97728	6.80735	8.33092	8.29002	9.01959	8.7039	7.79442	8.03342	8.58496	8.18982	8.03892	8.3837	8.5157	9.29462	7.86419	6.64386	5.32193
Q9BX63	12.5913	12.537	12.2061	13.3578	13.5948	12.7661	12.6948	11.944	12.7211	12.5211	12.5159	12.4853	11.7317	12.5651	12.2761	12.3682	12.255	12.48
Q9BX66	10.851	10.2503	9.84078	10.6926	10.633	10.9979	10.8122	9.90689	10.5527	10.7507	10.5411	10.8082	10.8711	10.7356	10.6724	10.9658	10.2336	10.6064
Q9BXB1	12.8949	12.3019	11.8556	13.5303	12.3469	12.4506	11.8601	12.3654	11.9952	12.5912	11.719	12.0258	10.1376	11.9097	11.6649	11.5762	11.5553	12.7964
Q9BXF6	7.40939	7.84549	6.32193	7.7211	8.02791	7.22882	6.65821	6.91886	6.49185	6.12928	5.90689	6.12928	6.78136	3.32193	6.32193	6.78136	5.90689	6.78136
Q9BY89	8.73471	8.91588	11.0182	8.77149	10.242	8.93074	8.98014	10.6537	7.98868	9.0954	8.54303	9.92184	9.58308	8.43879	10.8634	7.65105	9.41363	10.2119
Q9BYG4	10.8082	11.3044	11.0688	11.3231	11.3939	8.33985	11.5469	11.0967	11.2521	10.545	10.6221	11.2198	10.4062	11.1768	10.7004	10.8041	10.1636	10.7039
Q9BYG5	13.1655	12.1746	12.1504	12.9991	13.1411	12.714	12.7339	11.8941	12.5786	12.7671	12.2015	12.4689	12.6751	12.7895	12.8104	12.7528	12.5857	12.3379
Q9BYI3	6.50779	4.90689	5.90689	6.49185	6.32193	5.64386	6.32193	4.90689	6.12928	6.64386	4.90689	5.90689	6.49185	6.49185	6.78136	6.32193	5.90689	5.90689
Q9BZ23	12.7332	12.4239	11.7099	11.0815	7.97728	10.8533	11.7065	11.137	11.2808	12.3387	11.5953	12.0701	12.3473	11.4635	12.3485	12.857	12.3669	12.3493
Q9BZ29	10.6457	9.29462	10.314	9.97441	9.80574	10.4398	11.1491	9.99718	10.3794	10.0728	10.3298	10.4909	10.2216	10.3805	10.5859	10.7074	9.85953	9.78463
Q9BZF2	11.6996	11.3191	10.817	10.007	11.6878	11.5147	12.2104	11.2003	11.3287	10.1886	11.5798	11.4964	10.8486	11.2784	10.6457	10.9773	10.7432	10.0607
Q9BZF3	12.5114	12.1453	12.2302	12.6585	12.3949	11.4993	12.374	12.687	11.8752	12.4491	12.0312	12.3245	11.2837	11.985	13.2518	12.0291	12.4359	11.8084
Q9BZF9	10.462	10.0341	10.0908	10.1655	10.1923	10.3542	10.3287	9.83368	9.78709	9.2854	9.90839	10.2015	9.20579	10.5589	9.19722	6.50779	8.12412	9.05934
Q9BZQ8	17.585	16.8845	17.0209	17.5734	17.298	17.2027	17.1859	17.0962	16.6701	17.2757	17.4774	16.9595	17.6657	17.2518	17.2021	17.4691	17.2549	17.2556
Q9C073	12.6788	10.0348	9.53528	12.6188	12.7104	11.9058	10.4491	9.15482	9.02514	12.2198	12.2603	9.47978	11.3399	10.5498	11.8773	11.6325	9.73978	10.7305
Q9C0C2	12.7591	12.9555	12.6839	13.2792	13.5305	13.1977	13.205	12.6698	12.9984	13.0028	12.7605	13.1057	12.7317	13.11	13.3525	12.8659	13.0063	13.1193
Q9C0D5	9.0954	9.39232	9.48784	9.06609	9.49386	9.47573	9.17991	8.77479	9.10329	5.90689	8.90388	10.1674	8.69697	9.93369	10.611	7.22882	9.17742	9.12153
Q9GZM8	11.1215	10.6083	10.1737	9.47776	10.9491	10.6961	10.1176	10.5479	7.64386	11.1344	11.3701	10.6221	12.4118	11.403	11.2703	11.3348	11.7944	10.3219
Q9GZV5	9.10329	9.36413	8.15987	8.62571	8.76487	10.1306	8.85798	8.03342	8.69	10.314	8.82655	10.4898	9.42626	9.22641	8.13955	9.66534	9.55842	9.17991
Q9GZY8	10.0821	9.33092	9.41996	9	7.7211	9.65821	7.7211	8.45943	9.00282	8.83289	7.42626	7.03342	8.54303	9.02791	8.66534	7.33985	8.33539	7.97728
Q9H0B6	9.65464	9.22882	8.83289	9.35094	10.0607	9.20212	10.1046	9.49586	9.04712	9.17742	9.15482	10.043	7.12928	6.65821	7.65821	7.90689	6.12928	8.90087
Q9H0H5	12.3137	11.6384	11.7638	12.3288	11.826	11.705	11.9839	11.4057	11.453	12.3191	12.0541	11.8156	11.8138	12.2263	12.0906	11.6041	11.3211	11.6445
Q9H1A4	10.952	10.5196	10.1007	10.5736	11.0063	11.1059	10.6466	10.102	10.611	10.5736	10.5068	11.0334	10.9218	11.0954	10.8226	10.7566	10.0348	10.102
Q9H2D6	11.1357	11.8891	10.4615	10.3663	11.5367	11.8595	11.2509	7.25739	10.9908	11.06	9.41574	11.1605	11.6578	11.5741	11.5618	11.4336	11.4635	10.5078
Q9H4A3	14.6219	13.8239	13.7432	14.7783	14.5116	14.1647	14.5898	14.0302	14.2251	14.8588	14.2667	14.4009	14.3411	14.1381	14.2533	14.1626	13.5266	13.9996
Q9H4L5	12.9701	12.6561	12.5656	12.8521	12.4972	12.349	12.7873	12.0301	12.1325	13.2853	12.6594	12.5719	12.4722	12.0461	12.8256	12.5497	12.0904	12.4261
Q9H5L6	10.0901	9.81298	10.1699	10.4747	10.4538	11.1007	9.66089	9.39446	10.0105	10.0835	9.96867	10.8285	9.47066	10.4221	10.1447	10.286	10.0668	10.9618
Q9H694	9.72451	7.67243	9.01123	8.89785	9.49785	7.41785	8.96	9.2503	10.1421	9.30378	9.20457	7.02237	10.8826	9.80413	11.0112	11.137	8.95128	10.0875
Q9H6H4	9.61655	8.89785	9.74147	8.59246	10.7944	9.5157	9.98299	7.97154	9.0607	9.94983	8.87036	10.8408	6.12928	11.1737	10.6036	7.43463	9.48583	10.7715
Q9H6K5	7.91289	7.41785	6.78136	8.37069	7.33092	8.08746	7.64386	7.02237	7.40939	8.23362	7.7879	7.49185	6.64386	7.22882	8.37938	7.12928	5.90689	7.91886
Q9H792	9.73809	10.0485	10.058	11.1923	10.6266	10.0444	9.59805	9.94983	9.47978	10.4305	10.2562	9.94691	9.8392	10.1687	9.41785	9.75322	9.17243	10.1561
Q9H7J1	13.5456	14.0687	12.9379	12.479	12.6291	13.3764	13.3044	12.8971	13.6556	13.0555	12.7879	13.5275	13.7418	13.8933	14.1189	14.3662	13.7442	13.5311
Q9H7P9	11.0993	10.5699	10.5803	11.0934	11.5651	11.3264	11.258	10.7549	11	11.2831	10.5411	10.8463	10.3619	10.5498	10.8447	11.0147	10.0224	10.3707
Q9H7U1	9.03617	9.00843	8.8857	9.34651	9.22882	8.92481	9.22159	9.03892	8.61839	8.59246	9.09011	8.85487	8.73132	9.19229	8.76818	8.65464	8.76155	8.82655
Q9H8H0	9.79442	9.55267	9.42417	7.12928	9.67243	10.1306	9.55075	9.24793	9.47371	10.4666	10.2609	10.4533	9.25267	9.97298	10.3354	8.03342	9.30378	10.0014
Q9H8N7	9.19722	8.2854	7.8009	4.90689	7.65105	6.12928	7.50779	6.32193	8.61471	9.52943	8.57365	9.16742	9.82655	9.15987	9.68299	9.17742	8.53528	8.78463
Q9H902	12.4863	12.6115	12.4294	12.7279	12.9172	12.8744	12.3278	16.3983	12.4783	11.2633	11.5608	11.0941	12.7104	13.3115	14.4772	15.9404	12.8297	13.2482
Q9H9A5	8.9629	9.23362	12.0461	5.35755	6.50779	9.06609	9.8857	7.33092	8.92481	12.6515	12.245	9.38802	12.4914	8.3443	9.89633	9.39017	9.26913	10.3923
Q9H9Y6	11.6952	10.1098	11.1699	11.3359	12.0792	11.4883	11.2877	11.3399	11.5627	9.03342	10.8138	12.1386	8.37069	11.6702	13.6692	10.7245	10.7415	11.3723
Q9HAP2	11.4589	11.6546	11.6101	11.1098	11.2744	11.1737	12.1687	11.2621	10.9403	12.0258	11.0265	11.4078	10.8258	11.29	11.1605	11.3815	11.3225	11.2384
Q9HAU0	10.2348	8.22159	9.40088	8.92778	9.72195	10.2521	8.64386	8.03342	9.55363	9.38802	9.12153	9.42101	8.03617	8.75489	8.72622	8.35975	6.72792	9.38262
Q9HB19	9.2503	9.04166	9.04166	9.42836	9.57743	9.78463	9.55459	9.31741	9.39017	9.5157	8.8009	9.53333	9.35975	9.91886	10.0741	9.56986	9.62388	9.51175
Q9HC44	11.0133	10.8146	11.0334	11.5348	10.9144	10.6248	11.4589	11.0485	10.7731	11.314	10.8994	10.8162	10.3826	11.0688	10.6266	10.6339	10.7237	10.9069
Q9HC77	8.83605	8.73132	7.97154	7.03342	7.72792	10.0607	9.36632	7.04439	10.207	8.51964	8.04985	8.43045	4.90689	9.24317	10.1293	7.97728	5.93074	9.46557
Q9HCD6	11.3106	11.2586	10.9636	12.1092	12.5955	11.1636	11.8427	10.4666	10.7723	11.2703	11.1202	11.2527	8.03342	10.5479	11.1085	9.72792	10.5265	11.0815
Q9HDC5	9.82655	9.46148	9.19722	10.0607	10.4666	10.1861	9.47978	9.0634	9.71596	9.62571	10.0634	9.79442	7.33985	10.1228	9.81858	8.81057	9.22159	9.60548
Q9NNW5	10.3276	9.98299	9.93221	10.8321	10.5078	10.7665	10.2761	9.81858	10.4041	11.1504	10.6439	10.8384	9.88722	10.7566	10.5304	10.2033	9.8009	10.6847
Q9NPF5	10.218	10.2527	10.0042	9.7039	10.9908	10.23	9.68299	10.1599	10.3554	9.81057	10.0293	10.255	7.2384	10.3718	10.5294	10.3387	9.68299	9.96
Q9NPI6	4.90689	5.32193	4.32193	3.32193	4.90689	3.32193	4.90689	4.32193	3.32193	7.41785	5.32193	4.90689	7.22882	9.11374	7.33092	7.32193	5.32193	6.33985
Q9NPJ6	6.79442	7.93664	9.41363	8.59246	9.47371	10.1059	9.02237	8.14975	8.83289	8.90388	9.53722	8.59619	9.48985	9.45327	10.1331	9.64926	8.29002	9.49386
Q9NQT8	13.213	12.3619	12.5028	13.5793	13.6726	13.1602	12.9832	12.6876	12.9696	13.1695	13.086	12.983	12.4976	12.9873	12.9187	12.672	12.6273	13.0803
Q9NRG9	14.389	14.2878	14.3232	12.6806	12.444	12.9489	13.335	13.1958	13.3181	14.6445	14.3238	14.2311	9.51373	15.3208	8.84549	7.85175	14.5974	14.5151
Q9NRR4	10.4491	11.4136	6.12928	10.0112	11.6371	9.85798	9.12153	10.4502	7.7211	10.032	6.49185	9.80413	9.48784	10.8525	9.85331	9.12153	10.4294	8.22882
Q9NRR6	12.8443	12.6653	12.4025	12.8457	13.4997	13.2288	13.2855	12.3421	12.6312	12.8068	12.7492	12.956	12.8321	13.0276	12.9993	12.7052	12.3545	12.7482
Q9NSB8	11.4481	11.5127	10.7065	11.2324	11.0478	10.5831	10.6786	10.314	11.1131	11.6221	10.8834	11.0526	12.6695	11.8681	12.1466	12.2146	11.9091	11.3061
Q9NSC5	5.90689	6.78136	6.12928	5.90689	8.91588	5.32193	9.44501	6.14975	7.65105	4.90689	5.32193	6.14975	9.11374	7.02237	8.96867	8.62571	7.32193	3.32193
Q9NSD5	9.63844	9.17493	9.29921	9.79442	8.73471	8.53916	9.72792	9.60548	8.90989	10.5236	10.5906	10.23	11.2204	10.7039	10.5018	11.375	9.08746	8.32643
Q9NSK0	10.2021	10.0888	9.43045	10.825	10.2946	10.2046	11.3482	9.85175	9.93958	10.0634	9.25503	10.1408	10.2095	10.7022	10.6996	10.7048	10.1923	10.7474
Q9NW13	9.04712	7.50779	10.3465	9.88417	10.4409	10.7296	10.5689	7.98299	9.88111	8.93074	9.57743	10.6384	9.75489	9.29232	10.2538	9.49985	9.69523	9.12928
Q9NX24	7.33092	7.2384	4.32193	7.71425	8.07682	8.37938	8.02237	6.90689	7.7879	7.02237	7.7211	6.64386	8.17991	7.12928	7.86419	7.91289	7.33092	6.78136
Q9NX58	12.279	12.0698	11.9633	11.8182	8.97441	12.098	12.188	11.8688	12.3166	12.292	12.2309	12.5459	12.1408	12.014	9.60177	11.9848	11.4252	11.527
Q9NXC5	8.98014	8.53916	8.2384	7.85175	8.8009	8.24793	8.08215	7.57743	7.96578	8.53916	4.90689	8.86419	7.90689	8.73471	8.73132	8.09276	7.7211	8.45943
Q9NXD2	10.3432	8.99718	8.8857	8.56986	9.09011	9.55267	9.01959	7.97154	8.9542	9.22159	8.9571	9.90539	9.01681	9.96578	9.783	10.1573	8.69697	9.11374
Q9NXG0	4.90689	3.32193	4.32193	3.32193	6.65821	4.90689	7.12928	4.32193	5.90689	6.78136	6.78136	6.32193	6.14975	6.32193	5.90689	4.90689	3.32193	5.64386
Q9NXR1	10.5187	9.88417	7.43463	9.89633	9.91139	9.85643	9.85487	8.30378	10.29	10.5245	8.90087	9.8009	10.703	10.007	9.59432	10.585	9.45327	9.3443
Q9NYA4	9.36194	8.94837	8.66534	7.32193	8.92481	9.41151	8.86419	7.79442	8.29002	8.76818	7.87036	7.2384	8.14975	9.64566	9.24555	8.69697	8.65821	9.50581
Q9NYB9	10	10.1396	10.7465	9.32643	10.8971	11.1599	10.8811	10.4409	10.7773	10.8673	11.1351	10.9965	8.97441	4.90689	10.0661	4.32193	8.65105	9.35315
Q9NYF3	14.9165	14.3028	14.015	14.8563	14.7234	14.5356	14.4986	13.9527	14.3881	14.4236	14.1738	14.5297	14.3805	14.4832	14.3633	14.2629	14.1087	14.2757
Q9NYI0	9.99294	9.61102	11.0641	8.37504	10.1267	10.4574	9.55459	5.90689	8.10329	8.81057	11.1325	10.5632	8.66888	9.94398	10.5774	9.99859	8.98299	10.4305
Q9NYJ8	6.49185	6.90689	6.78136	8.29002	7.98868	7.50779	8.19967	7.80735	7.67243	7.65821	7.43463	7.72792	8.24317	8.09803	8.29921	7.72792	7.12928	6.32193
Q9NYL2	9.97871	10.5411	10.7599	10.7142	11.233	10.5784	11.769	11.2101	10.722	11.3225	11.4681	11.2461	9.13186	11.0498	10.2216	8.90989	9.55267	10.6847
Q9NZ01	11.0745	9.93958	10.4278	10.0035	9.91364	10.9196	9.77972	9.34319	9.9359	10.5939	10.4914	10.5788	9.81778	10.2621	10.5416	9.80494	9.12799	9.94764
Q9NZ43	8.82337	9.56605	9.01402	10.4939	8.47168	9.80574	9.59432	8.41785	9.37504	10.7271	9.97441	9.2503	9.89936	9.47573	9.77149	9.7364	8.5812	9.6987
Q9NZB2	8.02791	5.32193	6.32193	9.0954	7.97728	10.2058	6.50779	7.97154	9.97728	10.1472	9.25974	10.6008	9.75822	9.9629	10.1306	9.57932	9.85643	9.41363
Q9NZQ3	11.823	10.4808	10.6724	12.4684	12.1026	12.463	11.568	11.4528	11.7271	13.1802	11.7347	12.7356	12.6262	12.4333	13.121	12.1059	11.2276	12.1408
Q9P0K1	10.062	8.32643	8.7879	7.56986	9.22159	10.236	7.85175	7.41785	9.2384	9.47573	8.72792	9.59805	9.91289	9.01681	9.67419	9.03342	6.78136	8.79442
Q9P0K7	14.3966	14.5482	13.7184	13.999	13.9515	14.245	13.9319	13.8711	13.9182	14.1402	13.4597	13.8937	13.1458	14.2832	14.1557	14.4237	14.2884	13.6131
Q9P0L0	11.3745	9.33985	8.84549	10.1824	11.6707	10.2586	9.59432	9.3443	9.05257	9.27845	8.46761	10.021	8.73809	9.74315	9.62753	9.45121	9.44915	8.93074
Q9P0L2	8.13443	9.64024	8.09276	8.33539	8.67948	8.03342	8.2854	6.91886	7.91289	9.29232	7.74147	8.65105	8.89785	8.81698	8.90989	8.95128	7.64386	9.224
Q9P0N9	10.0251	8.7211	8.67948	8.02791	9.09011	10.6248	7.91886	8.02791	9.57365	9.54882	9.91737	10.8471	9.3966	10.4357	9.70736	9.08481	8.49985	10.8803
Q9P0V3	13.7277	13.309	13.3898	14.0364	13.5308	12.8439	12.9593	13.0215	12.9005	13.429	12.9613	13.2026	13.6953	13.5252	13.4416	12.2735	12.7889	13.3536
Q9P1Y5	11.9024	11.6854	11.5677	12.7444	12.8107	12.3991	12.0595	11.5075	11.8471	11.4123	11.6096	11.737	10.5703	11.8586	12.176	10.9355	11.7324	12.3486
Q9P206	9.85643	9.48985	9.55267	10.3387	9.9263	8.86419	9.88111	9.46761	9.26913	9.89785	9.47168	8.76155	9.18488	8.3443	8.08746	8.55075	7.7211	9.12153
Q9P227	7.7211	7.49985	7.2384	7.91886	8.43045	7.78136	7.65105	7.32193	8.09276	8.33092	7.02237	7.72792	6.79442	7.65821	7.49985	7.65105	5.64386	7.7211
Q9P244	13.5807	13.2777	13.0909	13.5854	13.4282	13.2649	13.1553	13.1824	13.0913	13.2133	13.1713	13.3829	13.2046	13.4274	13.2938	13.1	13.1343	13.0067
Q9P246	13.493	12.9967	12.7234	13.3563	13.2603	13.3746	12.8263	12.6678	13.2854	13.0997	12.9544	12.9048	12.9091	13.2326	13.2731	13.3927	13.1556	13.5684
Q9P266	10.0014	10.0848	7.40939	10.5746	10.2819	10.29	6.12928	10.5878	10.0458	10.6662	9.92778	6.78136	6.93074	9.75322	10.2597	9.53916	10.1712	10.4635
Q9P270	7.33092	7.7879	7.57743	7.85175	8.73132	7.7879	8.54689	8.04439	8.2384	7.79442	7.42626	7.64386	7.78136	7.65821	7.97154	7.7879	7.32193	7.79442
Q9P278	11.2738	9.87728	9.34096	9.98868	10.4398	9.4543	9.5265	10.0587	10.0161	10.5546	10.4305	10.3089	10.412	10.617	9.47371	9.32755	9.45018	9.76238
Q9P2F5	7.2384	7.22882	7.02237	6.65821	9.22641	8.14466	6.50779	7.7879	9.68124	8.2854	9.06609	8.20945	8.13955	9.55075	9.85953	8.37938	7.13955	7.85175
Q9P2F8	12.9256	12.2538	12.0322	12.3209	12.1698	11.8954	12.7998	11.9928	12.1397	12.8089	12.2394	12.1816	12.8085	12.2824	12.5059	12.5	12.0979	12.6221
Q9P2M7	10.2119	10.8082	9.90388	8.76487	10.6421	9.96434	10.809	9.66711	10.5689	11.3208	9.34873	8.83289	11.4742	6.64386	11.6179	8.24317	7.65105	11.144
Q9P2Y5	10.3837	10.6457	10.1124	10.4019	10.1923	10.3934	10.584	9.66356	5.90689	10.567	10.584	11.0348	10.2264	10.1137	10.207	10.4988	10.8106	10.1267
Q9UBF8	9.47472	9.64476	8.57175	9.20457	9.6865	9.2131	9.83052	8.92333	9.09672	9.33539	9.41785	8.92333	9.05393	9.6339	9.49386	10.6202	9.17368	9.41151
Q9UBP0	13.1427	12.6172	11.8009	13.0258	12.9538	12.2949	13.4855	12.3106	12.6468	12.4729	12.1852	12.8965	12.5634	13.1136	12.4176	13.2747	12.7733	12.9489
Q9UBS4	10.4888	10.4868	10.7632	10.7065	10.9972	8.91886	8.42626	10.2276	10.2046	11.0954	10.7322	10.1548	10.6715	11.2509	10.6874	10.4062	10.5108	10.5774
Q9UBS9	11.9241	11.2946	11.2015	11.952	11.8533	11.4062	11.5868	11.5211	11.6698	11.8086	11.807	11.7091	11.8114	12.0098	11.7207	11.73	11.5013	11.5793
Q9UDY2	11.1624	9.69174	12.1517	11.7207	11.6398	11.3691	12.6611	7.59246	9.95128	11.6156	10.6046	8.04439	10.744	10.4553	9.01681	12.1762	11.8297	11.3734
Q9UET6	11.5546	10.9476	9.92778	10.6996	8.88264	11.1013	11.0272	10.314	10.9851	11.0928	11.3365	11.4168	10.5401	12.0084	11.9363	11.863	11.6266	11.3592
Q9UH92	11.9622	12.4898	11.9556	12.1238	12.1075	11.7607	12.1746	11.6613	11.7632	11.905	11.9901	11.6861	11.8182	12.392	12.0351	12.2291	12.0556	11.809
Q9UH99	7.98299	8.12928	7.13955	6.78136	8.6865	5.64386	8.28077	7.71425	7.7879	8.9542	7.33092	8.2854	5.90689	7.32193	7.04439	7.24793	7.71425	7.49985
Q9UHB6	9.88874	10.0553	9.80413	7.59246	10.2324	10.2336	12.2122	11.23	11.8005	9.96723	11.8696	12.2917	10.341	9.29692	11.5925	9.42836	8.53916	11.3004
Q9UJF2	13.444	12.4017	12.3977	12.9498	13.1975	13.6911	13.0418	12.3376	12.5187	13.5111	13.1685	12.6622	11.4057	13.4196	13.4593	12.8126	13.4077	12.9587
Q9UK80	10.3208	11.3026	11.2854	8.05528	12.0593	11.1555	11.6649	11.2755	11.1144	11.3647	11.4543	11.8281	11.1599	11.7649	10.796	8.57365	11.6115	8.55459
Q9UKB1	11.0674	10.2456	10.3707	10.3264	10.1836	10.7125	9.90689	9.2854	10.5755	10.5784	10.6978	10.4179	10.3966	10.0362	10.6707	10.6257	9.91737	10.3231
Q9ULJ3	12.6325	11.983	11.9569	11.5911	11.6972	11.1089	11.4843	11.0858	11.1066	12.0319	12.1362	11.9035	11.2992	12.1632	11.7217	11.6366	11.7887	12.0121
Q9ULL1	11.838	10.733	10.7969	11.8715	12.0081	11.3542	11.7043	10.7723	11.0417	11.0314	10.8887	11.3348	9.71939	11.9073	9.77643	11.9118	9.96867	11.6555
Q9ULR3	12.4333	13.1167	12.9009	13.7437	13.6261	14.0434	13.2777	12.7326	13.0189	13.2302	13.2078	13.0423	12.1843	13.6544	13.5474	13.3814	13.1176	12.8106
Q9ULS5	10.2021	9.00562	9.0634	9.55075	7.92481	9.11634	9.53722	8.65821	9.09276	9.90238	9.81378	9.48985	9.90689	10.2033	10.3674	9.14466	9.0634	9.73132
Q9ULT8	8.42206	8.23362	9.14466	9.7364	9.04166	8.43045	8.79766	7.91886	8.65821	9.04166	8.08215	9.01959	9.47978	7.65821	8.65464	6.14975	8.89482	7.79442
Q9UM82	13.678	12.7545	11.0028	11.8492	11.3685	11.2983	10.7469	9.9571	11.4898	11.8476	11.6755	12.6084	11.3759	11.7224	11.8364	11.0063	10.9473	11.0372
Q9UNE7	11.3146	10.6987	8.08215	11.8447	11.1662	8.77149	8.70044	8.66888	10.6609	8.82972	10.207	9.87498	9.783	10.9054	11.1072	11.8568	11.227	10.5887
Q9UNH5	10.0861	9.42206	8.5812	9.85175	10.2384	10.0688	9.79279	9.224	9.75322	7.14975	9.34651	9.96434	7.98299	9.30378	8.09276	9.11634	8.98299	9.55267
Q9UPA5	11.137	10.7969	10.9244	11.0464	10.6715	10.1	9.91588	10.3202	10.1706	10.7805	10.9366	11.1892	11.4633	11.0573	10.4737	10.7578	9.55651	11.0921
Q9UPQ3	8.98584	7.2384	5.93074	8.03892	8.84235	7.12928	7.86419	6.91886	7.79442	9.5411	8.53528	8.37504	8.08215	9.06609	6.32193	8.40939	9.69349	8.03892
Q9UPU9	10.6856	9.79847	10.8337	10.3815	11.6147	11.2128	11.8711	11.2565	11.2467	11.0802	11.0934	11.6445	11.7177	11.5048	11.8154	11.388	10.9136	11.4281
Q9UPX8	9.97441	9.13955	6.90689	9.14975	10.0795	8.73132	9.86882	8.41785	7.40939	8.77149	8.61471	9.11114	8.55075	8.90087	8.53916	9.71425	9.09011	8.41785
Q9UPY6	8.59619	8.34873	8.98299	8.33539	10.3476	9.25267	9.89178	8.77479	9.06878	9.18735	8.77149	8.71081	9.29232	9.25267	9.97585	9.76155	8.09276	8.55842
Q9UQ26	9.91139	9.05528	9.49985	10.9607	9.35315	8.77149	10.2348	10.1033	9.69	10.1293	9.22882	9.41363	10.5897	10.0224	9.41151	10.0848	9.5216	9.50978
Q9UQ35	14.0925	14.2489	13.2549	13.857	13.7634	13.7414	13.9394	14.1501	13.3299	14.1543	14.2636	14.1422	13.5316	14.1082	13.3707	13.4819	13.5596	14.1272
Q9UQ84	10.5068	10.4284	10.5038	10.6312	11.8289	10.9174	11.5053	10.5632	8.94544	11.0694	11.2674	11.4094	10.3004	10.5594	6.32193	10.2372	8.67243	10.1306
Q9UQB8	12.9483	12.4829	12.2223	12.5632	12.5803	12.6338	12.782	11.9989	12.1089	11.6595	11.3748	11.4959	11.8277	11.9056	11.6578	12.3313	11.8132	11.6029
Q9UQC2	12.4951	7.22882	6.32193	10.4998	7.49185	9.27612	12.2195	11.5878	12.1684	11.8498	3.32193	11.8293	11.3723	12.4229	12.1248	12.0119	11.0168	10.8082
Q9UQL6	8.02791	5.90689	7.02237	3.32193	7.7211	8.2854	7.49185	7.32193	7.91289	8.85487	8.41785	9.47978	7.79442	8.49985	8.76487	7.49985	6.12928	8.5812
Q9Y297	13.0743	12.1228	11.3982	10.5255	10.9084	12.7832	11.2889	11.1805	11.4914	10.9701	11.5575	12.7172	10.4041	12.5672	11.4486	11.2981	11.6869	11.1643
Q9Y2A7	11.9717	11.3832	11.3424	12.2335	11.7322	12.0246	12.0684	11.4658	11.6062	12.0434	12.1624	11.2417	12.6551	11.776	11.6312	11.6204	11.785	11.0144
Q9Y2D8	11.2143	10.1662	10.3587	10.6008	9.4818	10.9001	10.8494	10.8757	10.4189	11.3772	11.0934	10.0293	10.4707	10.6439	9.15482	10.0334	9.69	9.66534
Q9Y2H2	11.1523	10.8033	10.6847	11.2568	11.0403	10.6202	11.0126	10.8001	10.6707	11.0848	11.1059	11.0688	11.2837	11.5038	11.1376	11.242	10.7879	10.7985
Q9Y2H5	9.75154	9.04985	9.14211	8.95128	10.0928	8.54689	9.53333	9.66534	9.27146	9.88417	8.98584	9.03067	9.33985	9.24317	9.79116	9.05799	9.17493	9.24555
Q9Y2H9	13.0885	11.8895	12.2342	13.4038	12.9495	12.9315	12.9181	11.8074	12.2524	13.25	12.5031	12.3891	11.7499	12.7563	13.3387	12.2744	12.0227	12.8168
Q9Y2I1	8.62205	5.64386	5.90689	6.64386	5.90689	3.32193	8.18488	7.7211	7.03342	7.85798	5.90689	7.64386	5.90689	6.64386	7.58496	6.12928	4.32193	4.90689
Q9Y2I8	11.2297	10.2639	10.9869	11.3465	11.2327	10.9396	11.4579	10.7486	10.275	11.3146	11.1478	11.3078	11.2327	11.5904	11.4599	11.2909	11.1469	11.1466
Q9Y2J2	12.2851	11.3799	11.6852	11.8986	11.9451	11.7879	11.7385	11.227	11.4404	11.741	11.3253	11.5201	11.6537	12.0372	11.6689	11.1874	11.2064	11.6484
Q9Y2J4	9.43254	7.72792	8.66178	7.65105	8.69349	9.71768	8.98299	7.97154	8.79442	9.62388	8.92481	9.12153	8.86109	9.01959	9.19967	8.33985	7.64386	8.03342
Q9Y2K2	7.22882	8.61471	6.12928	9.71939	9.29692	7.97728	6.12928	5.32193	8.42626	8.75822	8.09276	8.75489	6.32193	6.79442	8.45533	4.90689	7.7879	8.91588
Q9Y2K5	13.06	12.7744	8.03892	13.3518	12.9183	12.5821	12.3373	12.0238	8.50779	12.8682	6.78136	13.3106	12.2128	8.55075	12.9044	11.9095	12.6316	8.91886
Q9Y2L9	10.5859	10.1712	10.0084	10.5226	10.6294	9.96434	10.7356	10.2597	9.75989	10.4471	10.3729	10.4263	10.8106	10.1824	10.0512	10.6742	9.87652	10.1824
Q9Y2U5	9.1472	9.34873	8.28077	9.30606	9.59432	10.4115	9.99859	8.12928	9.20945	10.5187	9.63662	9.6987	8.49586	9.87652	9.80574	5.64386	8.2854	8.5812
Q9Y2U9	8.70736	7.32193	8.74147	7.40939	7.86419	9.33985	6.33985	4.90689	7.02237	7.65821	8.28077	8.19967	8.76155	7.59246	6.91886	8.46352	8.24793	9.04985
Q9Y2X7	10.9986	10.1228	9.68825	11.7495	11.8293	10.7822	12.5113	9.3966	12.2518	10.7048	10.4294	11.3225	12.4354	10.8696	11.5788	10.9801	10.4707	10.3197
Q9Y383	8.82655	8.23362	8.57743	9.15987	7.64386	8.82972	8.70044	8.49586	8.53916	8.88874	8.79116	9.08746	9.24555	8.9629	9.16742	9.71596	9.21189	8.18488
Q9Y3R0	11.6746	9.41151	11.5579	9.73978	10.8941	11.8301	10.2912	9.20457	11.2877	10.7698	11.3026	11.656	9.71768	11.2691	11.1774	10.7649	8.88874	11.7611
Q9Y4A5	11.0007	10.3848	10.318	10.7944	10.7711	11.4712	10.6096	10.2252	10.6466	11.1154	10.6874	11.5739	10.4078	10.5043	11.0369	10.265	10.744	10.4863
Q9Y4D8	11.5392	10.4105	11.1793	11.2101	11.0444	11.9524	11.2058	11.3691	11.137	12.2906	11.5142	11.774	11.6693	11.3945	11.96	11.014	10.5187	11.6402
Q9Y4F5	9.68124	9.25974	7.49985	8.84235	8.76818	6.33985	9.46557	8.51175	7.98299	8.58496	8.19476	8.59246	9.42836	9.59619	7.49985	10.2336	6.65821	8.10852
Q9Y4G8	10.69	9.34651	10.5868	10.1046	10.0182	10.6421	10.137	9.78627	9.87344	9.44087	9.71081	10.3718	9.06878	9.65284	10.0782	9.12412	8.3443	9.87344
Q9Y4H2	12.838	11.9604	12.4615	11.8246	11.4949	11.8994	11.7867	10.8337	11.5211	12.476	12.2207	12.179	12.4959	13.133	13.1304	13.1493	12.5831	13.4242
Q9Y520	5.64386	6.90689	6.14975	6.32193	6.78136	7.96578	5.90689	5.90689	6.50779	4.32193	5.90689	7.12928	7.2384	6.78136	5.64386	7.12928	6.12928	6.32193
Q9Y597	11.7752	10.1261	10.8653	12.085	12.0427	11.8043	10.8082	10.6275	11.3123	11.7561	11.312	11.0369	10.163	10.8198	11.0014	9.36741	9.25739	10.5599
Q9Y5Q9	8.42206	10.941	11.0654	8.69349	11.3487	7.32193	8.05528	11.3554	7.78136	10.6961	10.5651	11.0307	8.98584	8.08746	11.4455	11.6027	10.421	9.26679
Q9Y6K0	10.1111	9.74651	9.41996	9.42626	9.54303	10.014	9.82018	9.32643	9.57365	10.2527	9.94251	10.0279	8.88264	10.0701	10.0715	9.28309	9.2854	9.33762
Q9Y6M7	12.9315	7.14975	12.4263	13.4132	12.5241	12.3829	13.4597	5.64386	13.8265	14.3343	13.9291	13.5918	9.2384	13.4167	11.03	11.544	11.1536	13.2858
Q9Y6R0	13.2811	13.1662	11.7164	13.5233	14.0082	13.9158	13.5613	12.8258	13.3886	13.4698	12.5548	13.4156	13.4789	13.3102	13.7908	13.3765	13.1952	13.1773
Q9Y6W5	9.58965	8.11374	8.52943	8.71253	9.8392	10.6587	9.65464	9.5216	10.2228	9.76404	9.62022	9.5708	9.32755	10.0084	9.78136	9.52845	8.15987	10.2709
